		131  131  2087.02  13476.4003  13476.4094   4.0  1  1
		131  131  2575.22  13454.0085  13454.0069   4.0  1  1
		131  131  2598.82  13452.8808  13452.8846   4.0  1  1
		131  131  2629.14   13451.426   13451.431   4.0  1  1
		131  131  2707.97  13447.6121  13447.5964   4.0  1  1
		131  131  2776.58  13444.2557   13444.252   4.0  1  1
		131  131  3087.95  13428.5977  13428.5971   4.0  1  1
		131  131  3158.46  13424.9565   13424.949   4.0  1  1
		131  131  3191.65  13423.2304  13423.2411   4.0  1  1
		131  131  3436.48  13410.2626  13410.2561   4.0  1  1
		131  131  3877.74  13385.8629  13385.8722   4.0  1  1
		132  132  1815.57  13385.8754  13385.8722   4.0  1  1
		132  132  2013.33  13377.4907   13377.489   4.0  1  1
		132  132  2167.30  13370.7559  13370.7674   4.0  1  1
		132  132  2950.62  13333.7582  13333.7635   4.0  1  1
		132  132  3197.75  13321.1686  13321.1719   4.0  1  1
		132  132  3280.65  13316.8503   13316.851   4.0  1  1
		132  132  3485.90  13305.9565  13305.9511   4.0  1  1
		132  132  3865.34  13285.0737  13285.0799   4.0  1  1
		132  132  3972.80  13278.9872   13278.978   4.0  1  1
		132  132  4020.43  13276.2654  13276.2661   4.0  1  1
		133  133   475.92  13333.7606  13333.7635   4.0  1  1
		133  133   862.26  13321.1602  13321.1719   4.0  1  1
		133  133   987.41  13316.8391   13316.851   4.0  1  1
		133  133  1288.52  13305.9533  13305.9511   4.0  1  1
		133  133  1818.97  13285.0827  13285.0799   4.0  1  1
		133  133  1964.42  13278.9832   13278.978   4.0  1  1
		133  133  2027.85  13276.2729  13276.2661   4.0  1  1
		133  133  2449.55  13257.4851  13257.4859   4.0  1  1
		133  133  2581.19  13251.3503   13251.353   4.0  1  1
		133  133  2660.80  13247.5789  13247.5846   4.0  1  1
		133  133  2748.73    13243.36  13243.3613   4.0  1  1
		133  133  2860.83  13237.9012  13237.9046   4.0  1  1
		133  133  2929.62  13234.5071   13234.513   4.0  1  1
		133  133  2985.61  13231.7199  13231.7238   4.0  1  1
		133  133  3262.64   13217.608  13217.6071   4.0  1  1
		133  133  3428.63  13208.9005  13208.8958   4.0  1  1
		134  134   355.58  13237.8993  13237.9046   4.0  1  1
		134  134   466.83  13234.5183   13234.513   4.0  1  1
		134  134   556.38    13231.73  13231.7238   4.0  1  1
		134  134   983.00  13217.6182  13217.6071   4.0  1  1
		134  134  1227.34  13208.9114  13208.8958   4.0  1  1
		134  134  2473.17  13157.4436  13157.4351   4.0  1  1
		134  134  2575.48  13152.7019   13152.701   4.0  1  1
		134  134  2643.47  13149.5089  13149.5072   4.0  1  1
		134  134  2966.77  13133.8739  13133.8734   4.0  1  1
		134  134  3014.30  13131.5132  13131.5137   4.0  1  1
		134  134  4083.28  13074.4122  13074.4056   4.0  1  1
		135  135   550.66    13133.89  13133.8734   4.0  1  1
		135  135  2148.19  13074.4134  13074.4056   4.0  1  1
		135  135  2484.09  13059.4634  13059.4589   4.0  1  1
		135  135  2586.28  13054.7522  13054.7472   4.0  1  1
		135  135  2751.53  13046.9752  13046.9732   4.0  1  1
		135  135  3103.86  13029.7516  13029.7484   4.0  1  1
		135  135  3818.18   12992.257  12992.2534   4.0  1  1
		136  136   719.66  13031.9876  13031.9892   4.0  1  1
		136  136   788.78  13029.7457  13029.7484   4.0  1  1
		136  136  1305.75  13011.8192  13011.8219   4.0  1  1
		136  136  1812.96   12992.256  12992.2534   4.0  1  1
		136  136  2554.61  12960.2014   12960.204   4.0  1  1
		136  136  2819.76  12947.7757   12947.772   4.0  1  1
		136  136  2894.09  12944.2036  12944.2033   4.0  1  1
		136  136  3047.11  12936.7292  12936.7322   4.0  1  1
		136  136  3323.39  12922.8296  12922.8246   4.0  1  1
		136  136  3368.50  12920.5116   12920.511   4.0  1  1
		136  136  3635.14  12906.5377   12906.538   4.0  1  1
		137  137   483.29  12944.1982  12944.2033   4.0  1  1
		137  137   724.18  12936.7218  12936.7322   4.0  1  1
		137  137  1581.33  12906.5275   12906.538   4.0  1  1
		137  137  2301.54  12876.8974   12876.897   4.0  1  1
		137  137  2564.01  12865.1578  12865.1625   4.0  1  1
		137  137  2875.97  12850.5689  12850.5741   4.0  1  1
		137  137  3111.07  12839.1283  12839.1228   4.0  1  1
		137  137  3353.68  12826.9307   12826.934   4.0  1  1
		137  137  3546.05  12816.9835  12816.9872   4.0  1  1
		137  137  3883.47  12798.9678  12798.9697   4.0  1  1
		137  137  3955.40  12795.0365  12795.0451   4.0  1  1
		138  138   477.33  12850.5778  12850.5741   4.0  1  1
		138  138   844.26  12839.1146  12839.1228   4.0  1  1
		138  138  1202.43  12826.9353   12826.934   4.0  1  1
		138  138  1475.97  12816.9818  12816.9872   4.0  1  1
		138  138  1936.58  12798.9611  12798.9697   4.0  1  1
		138  138  2031.84   12795.039  12795.0451   4.0  1  1
		138  138  2239.31  12786.2682  12786.2744   4.0  1  1
		138  138  2618.68  12769.4303  12769.4345   4.0  1  1
		138  138  2702.40  12765.5771  12765.5862   4.0  1  1
		138  138  3760.44  12712.7969  12712.8037   4.0  1  1
		138  138  3891.63  12705.7518  12705.7571   4.0  1  1
		139  139    74.04  12769.4414  12769.4345   4.0  1  1
		139  139   217.07  12765.5738  12765.5862   4.0  1  1
		139  139   751.80  12749.7122  12749.7187   4.0  1  1
		139  139  1138.09  12736.8973  12736.9011   4.0  1  1
		139  139  1788.32  12712.8053  12712.8037   4.0  1  1
		139  139  1964.27  12705.7504  12705.7571   4.0  1  1
		139  139  2093.42  12700.4288   12700.433   4.0  1  1
		139  139  2224.95  12694.8852  12694.8886   4.0  1  1
		139  139  2894.48  12664.7661    12664.76   4.0  1  1
		139  139  3122.45  12653.8041  12653.8015   4.0  1  1
		139  139  3200.11  12649.9903   12649.994   4.0  1  1
		139  139  3361.55  12641.9352   12641.939   4.0  1  1
		139  139  3407.72  12639.6003  12639.5996   4.0  1  1
		139  139  3478.30  12636.0046  12636.0013   4.0  1  1
		139  139  3689.29  12625.0681  12625.0717   4.0  1  1
		140  140   552.26  12664.7749    12664.76   4.0  1  1
		140  140   902.57  12653.8088  12653.8015   4.0  1  1
		140  140  1017.94  12649.9946   12649.994   4.0  1  1
		140  140  1252.32  12641.9398   12641.939   4.0  1  1
		140  140  1318.03  12639.6083  12639.5996   4.0  1  1
		140  140  1417.68  12636.0116  12636.0013   4.0  1  1
		140  140  1709.16  12625.0718  12625.0717   4.0  1  1
		140  140  2331.31  12599.6592  12599.6556   4.0  1  1
		140  140  2366.37  12598.1447   12598.145   4.0  1  1
		140  140  2521.61  12591.3349  12591.3305   4.0  1  1
		140  140  3237.94  12557.7637  12557.7626   4.0  1  1
		140  140  3410.42    12549.17   12549.166   4.0  1  1
		141  141  1092.74  12557.7658  12557.7626   4.0  1  1
		141  141  1339.90  12549.1827   12549.166   4.0  1  1
		141  141  2060.32  12521.6233  12521.6177   4.0  1  1
		141  141  2765.17  12491.0839  12491.0794   4.0  1  1
		141  141  2988.06  12480.7142  12480.7092   4.0  1  1
		141  141  3156.74  12472.6459  12472.6389   4.0  1  1
		141  141  3423.15  12459.5255  12459.5223   4.0  1  1
		141  141  3593.40  12450.9052  12450.8968   4.0  1  1
		141  141  3634.61  12448.7916  12448.7922   4.0  1  1
		141  141  3751.70  12442.7302   12442.726   4.0  1  1
		142  142   390.68  12491.0725  12491.0794   4.0  1  1
		142  142   740.10  12480.7077  12480.7092   4.0  1  1
		142  142   993.23  12472.6298  12472.6389   4.0  1  1
		142  142  1376.02  12459.5185  12459.5223   4.0  1  1
		142  142  1612.26  12450.8945  12450.8968   4.0  1  1
		142  142  1826.52   12442.725   12442.726   4.0  1  1
		142  142  2248.03  12425.6991  12425.6931   4.0  1  1
		142  142  2317.03  12422.7927  12422.7879   4.0  1  1
		142  142  2416.11  12418.5613  12418.5563   4.0  1  1
		142  142  2696.39  12406.2241  12406.2215   4.0  1  1
		142  142  3233.91  12381.0817   12381.074   4.0  1  1
		142  142  3662.94  12359.6763  12359.6736   4.0  1  1
		142  142  3911.29  12346.7748  12346.7711   4.0  1  1
		142  142  4013.22  12341.3766  12341.3736   4.0  1  1
		143  143  1123.96   12381.074   12381.074   4.0  1  1
		143  143  2185.87  12341.3721  12341.3736   4.0  1  1
		143  143  2583.28  12324.4726  12324.4863   4.0  1  1
		143  143  2652.43  12321.4215  12321.4191   4.0  1  1
		143  143  2677.62   12320.302  12320.2833   4.0  1  1
		143  143  2829.85  12313.4455  12313.4277   4.0  1  1
		143  143  3579.96  12277.4508   12277.449   4.0  1  1
		144  144  1626.00  12277.4424   12277.449   4.0  1  1
		144  144  2262.09  12252.5289  12252.5345   4.0  1  1
		144  144  2609.99  12237.7182  12237.7237   4.0  1  1
		144  144  2636.92  12236.5374  12236.5447   4.0  1  1
		144  144  2665.37  12235.2848  12235.2911   4.0  1  1
		144  144  2794.72  12229.5212  12229.5257   4.0  1  1
		144  144  3081.84  12216.3327   12216.338   4.0  1  1
		144  144  3211.02  12210.2246  12210.2331   4.0  1  1
		144  144  3473.48  12197.4902  12197.4998   4.0  1  1
		144  144  4052.80  12167.9191   12167.915   4.0  1  1
		145  145   201.96   12237.729  12237.7237   4.0  1  1
		145  145   246.69  12236.5409  12236.5447   4.0  1  1
		145  145   293.18  12235.2905  12235.2911   4.0  1  1
		145  145   500.43  12229.5219  12229.5257   4.0  1  1
		145  145   937.50  12216.3283   12216.338   4.0  1  1
		145  145  1125.62  12210.2247  12210.2331   4.0  1  1
		145  145  1495.51  12197.4866  12197.4998   4.0  1  1
		145  145  1824.13  12185.3582  12185.3521   4.0  1  1
		145  145  2185.31  12171.1593  12171.1484   4.0  1  1
		145  145  2264.96  12167.9069   12167.915   4.0  1  1
		145  145  2578.55  12154.6827  12154.6911   4.0  1  1
		145  145  2624.16  12152.7041  12152.7142   4.0  1  1
		145  145  2842.25  12143.0522  12143.0614   4.0  1  1
		145  145  3067.98   12132.734  12132.7427   4.0  1  1
		145  145  3113.53  12130.6121  12130.6196   4.0  1  1
		145  145  3216.86  12125.7496  12125.7564   4.0  1  1
		145  145  3275.64  12122.9535  12122.9585   4.0  1  1
		145  145  3427.43  12115.6336  12115.6411   4.0  1  1
		145  145  3882.34  12092.8668  12092.8715   4.0  1  1
		146  146   171.46  12154.6942  12154.6911   4.0  1  1
		146  146   246.92  12152.7112  12152.7142   4.0  1  1
		146  146   593.53  12143.0688  12143.0614   4.0  1  1
		146  146   934.18   12132.746  12132.7427   4.0  1  1
		146  146  1001.04  12130.6223  12130.6196   4.0  1  1
		146  146  1150.63  12125.7556  12125.7564   4.0  1  1
		146  146  1234.17  12122.9686  12122.9585   4.0  1  1
		146  146  1447.34  12115.6335  12115.6411   4.0  1  1
		146  146  2057.97  12092.8638  12092.8715   4.0  1  1
		146  146  3254.64  12040.9289   12040.931   4.0  1  1
		146  146  3483.73  12029.9381  12029.9409   4.0  1  1
		146  146  3645.16  12022.0033  12022.0052   4.0  1  1
		146  146  3658.91  12021.3204  12021.3393   4.0  1  1
		147  147  1220.96  12040.9272   12040.931   4.0  1  1
		147  147  1539.94  12029.9402  12029.9409   4.0  1  1
		147  147  1758.50  12022.0034  12022.0052   4.0  1  1
		147  147  1776.50   12021.335  12021.3393   4.0  1  1
		147  147  1832.76  12019.2316   12019.233   4.0  1  1
		147  147  2043.92  12011.1434  12011.1464   4.0  1  1
		147  147  2610.57  11987.9495   11987.948   4.0  1  1
		147  147  3332.91  11955.3448  11955.3365   4.0  1  1
		147  147  3473.27  11948.6319  11948.6283   4.0  1  1
		147  147  3504.18  11947.1377  11947.1353   4.0  1  1
		147  147  3516.30  11946.5502  11946.5475   4.0  1  1
		147  147  3570.62  11943.9067   11943.905   4.0  1  1
		148  148  1346.28  11955.3536  11955.3365   4.0  1  1
		148  148  1540.25  11948.6351  11948.6283   4.0  1  1
		148  148  1582.47  11947.1382  11947.1353   4.0  1  1
		148  148  1598.96  11946.5503  11946.5475   4.0  1  1
		148  148  1672.39  11943.9094   11943.905   4.0  1  1
		148  148  2299.47  11919.8614  11919.8448   4.0  1  1
		148  148  2423.89  11914.7761   11914.767   4.0  1  1
		148  148  2700.78  11903.0941  11903.0911   4.0  1  1
		148  148  2774.66  11899.8929  11899.8895   4.0  1  1
		148  148  3048.20  11887.7377  11887.7334   4.0  1  1
		148  148  3146.79  11883.2414  11883.2369   4.0  1  1
		148  148  3257.92  11878.1012  11878.0977   4.0  1  1
		148  148  3452.96  11868.8985  11868.8873   4.0  1  1
		148  148  3482.22  11867.4983  11867.4939   4.0  1  1
		148  148  3603.55  11861.6382  11861.6271   4.0  1  1
		149  149   544.95   11899.897  11899.8895   4.0  1  1
		149  149   955.90  11887.7411  11887.7334   4.0  1  1
		149  149  1098.67  11883.2418  11883.2369   4.0  1  1
		149  149  1256.53  11878.1021  11878.0977   4.0  1  1
		149  149  1527.44  11868.8805  11868.8873   4.0  1  1
		149  149  1566.80  11867.4988  11867.4939   4.0  1  1
		149  149  1730.74  11861.6298  11861.6271   4.0  1  1
		149  149  2285.52  11840.4225  11840.4205   4.0  1  1
		149  149  2470.56  11832.8942  11832.8754   4.0  1  1
		149  149  2520.55  11830.8219  11830.8174   4.0  1  1
		149  149  2638.42  11825.8718  11825.8717   4.0  1  1
		149  149  3050.90  11807.8516  11807.8479   4.0  1  1
		149  149  3653.77   11779.636  11779.6362   4.0  1  1
		149  149  3679.23  11778.3974  11778.3894   4.0  1  1
		150  150   976.05  11807.8491  11807.8479   4.0  1  1
		150  150  1810.67  11779.6373  11779.6362   4.0  1  1
		150  150  1844.58   11778.391  11778.3894   4.0  1  1
		150  150  2885.84  11736.4401  11736.4426   4.0  1  1
		150  150  3194.18  11722.6948  11722.6969   4.0  1  1
		150  150  3438.04  11711.4171  11711.4115   4.0  1  1
		150  150  3538.78   11706.656  11706.6565   4.0  1  1
		150  150  3865.85  11690.7992   11690.803   4.0  1  1
		150  150  4048.58  11681.6827  11681.6831   4.0  1  1
		151  151   748.84  11736.4349  11736.4426   4.0  1  1
		151  151  1196.67  11722.6885  11722.6969   4.0  1  1
		151  151  1534.62  11711.4076  11711.4115   4.0  1  1
		151  151  1670.61  11706.6501  11706.6565   4.0  1  1
		151  151  2100.49  11690.7984   11690.803   4.0  1  1
		151  151  2333.92  11681.6809  11681.6831   4.0  1  1
		151  151  2574.96  11671.8967  11671.9043   4.0  1  1
		151  151  3717.82   11620.632  11620.6397   4.0  1  1
		152  152   284.75  11671.8985  11671.9043   4.0  1  1
		152  152  1433.91  11637.7674  11637.7865   4.0  1  1
		152  152  1920.32  11620.6308  11620.6397   4.0  1  1
		152  152  2031.60  11616.4901  11616.4909   4.0  1  1
		152  152  2121.45  11613.0878  11613.0884   4.0  1  1
		152  152  2310.02  11605.7769  11605.7662   4.0  1  1
		152  152  2476.07  11599.1501  11599.1584   4.0  1  1
		152  152  2623.55  11593.1179  11593.1256   4.0  1  1
		152  152  2850.87   11583.554  11583.5605   4.0  1  1
		152  152  2964.02  11578.6749  11578.6836   4.0  1  1
		152  152  3056.22  11574.6418  11574.6465   4.0  1  1
		153  153   142.51  11599.1589  11599.1584   4.0  1  1
		153  153   728.50  11583.5576  11583.5605   4.0  1  1
		153  153  1029.33  11574.6437  11574.6465   4.0  1  1
		153  153  2202.41     11534.1   11534.091   4.0  1  1
		153  153  2605.19  11518.1153  11518.1128   4.0  1  1
		153  153  2687.94  11514.7053  11514.7099   4.0  1  1
		153  153  2910.48  11505.3263  11505.3305   4.0  1  1
		153  153  2926.87  11504.6237  11504.6253   4.0  1  1
		153  153  3231.95  11491.2519   11491.254   4.0  1  1
		153  153  3678.97  11470.6849   11470.685   4.0  1  1
		153  153  3732.00  11468.1708  11468.1767   4.0  1  1
		154  154   497.13  11514.7135  11514.7099   4.0  1  1
		154  154   856.32  11504.6319  11504.6253   4.0  1  1
		154  154  1291.53  11491.2567   11491.254   4.0  1  1
		154  154  1893.38  11470.6888   11470.685   4.0  1  1
		154  154  1962.32  11468.1816  11468.1767   4.0  1  1
		154  154  2565.06  11444.9678  11444.9647   4.0  1  1
		154  154  2789.93  11435.7262  11435.7216   4.0  1  1
		154  154  2858.71  11432.8379  11432.8362   4.0  1  1
		154  154  3560.88  11401.7625  11401.7572   4.0  1  1
		154  154  3666.95  11396.8252  11396.8207   4.0  1  1
