		131  131  1460.75  13507.8846  13507.8834   4.0  1  1
		131  131  1583.43  13503.0817  13503.0969   4.0  1  1
		131  131  2219.02  13476.4048  13476.4094   4.0  1  1
		131  131  2703.01  13454.0064  13454.0069   4.0  1  1
		131  131  2902.63  13444.2519   13444.252   4.0  1  1
		131  131  3211.68  13428.6133  13428.5971   4.0  1  1
		131  131  3558.45  13410.2498  13410.2561   4.0  1  1
		132  132  1948.65  13385.8702  13385.8722   4.0  1  1
		132  132  2144.20  13377.5014   13377.489   4.0  1  1
		132  132  2296.33  13370.7887  13370.7674   4.0  1  1
		132  132  3073.76  13333.7592  13333.7635   4.0  1  1
		132  132  3402.02  13316.8513   13316.851   4.0  1  1
		132  132  3969.25  13285.0819  13285.0799   4.0  1  1
		133  133   626.47  13333.7632  13333.7635   4.0  1  1
		133  133  1006.33  13321.1776  13321.1719   4.0  1  1
		133  133  1129.51   13316.859   13316.851   4.0  1  1
		133  133  1426.61  13305.9522  13305.9511   4.0  1  1
		133  133  1950.59   13285.076  13285.0799   4.0  1  1
		133  133  2157.47  13276.2652  13276.2661   4.0  1  1
		133  133  2575.20  13257.4843  13257.4859   4.0  1  1
		133  133  2784.74  13247.5717  13247.5846   4.0  1  1
		133  133  2871.89  13243.3557  13243.3613   4.0  1  1
		133  133  3051.35  13234.5077   13234.513   4.0  1  1
		133  133  3106.95  13231.7217  13231.7238   4.0  1  1
		133  133  3382.24  13217.6187  13217.6071   4.0  1  1
		133  133  3547.41  13208.8929  13208.8958   4.0  1  1
		134  134   506.53  13237.9198  13237.9046   4.0  1  1
		134  134   616.81  13234.5013   13234.513   4.0  1  1
		134  134   704.78  13231.7153  13231.7238   4.0  1  1
		134  134  1124.29  13217.6179  13217.6071   4.0  1  1
		134  134  1365.12  13208.9023  13208.8958   4.0  1  1
		134  134  2597.21  13157.4357  13157.4351   4.0  1  1
		134  134  2766.00   13149.503  13149.5072   4.0  1  1
		134  134  3086.83  13133.8691  13133.8734   4.0  1  1
		134  134  3133.99  13131.5115  13131.5137   4.0  1  1
		134  134  2698.71  13152.6902   13152.701   4.0  1  1
		135  135   698.17  13133.8708  13133.8734   4.0  1  1
		135  135  2273.87  13074.3987  13074.4056   4.0  1  1
		135  135  2606.61  13059.4523  13059.4589   4.0  1  1
		135  135  2707.81  13054.7461  13054.7472   4.0  1  1
		135  135  3176.94  13031.9888  13031.9892   4.0  1  1
		135  135  3568.99  13011.8174  13011.8219   4.0  1  1
		136  136   862.67  13031.9859  13031.9892   4.0  1  1
		136  136  1439.56  13011.8158  13011.8219   4.0  1  1
		136  136  2674.43  12960.2203   12960.204   4.0  1  1
		136  136  2937.85  12947.7756   12947.772   4.0  1  1
		136  136  3011.61  12944.2045  12944.2033   4.0  1  1
		136  136  3163.56  12936.7308  12936.7322   4.0  1  1
		136  136  3482.97  12920.5159   12920.511   4.0  1  1
		136  136  1940.23  12992.2606  12992.2534   4.0  1  1
		136  136  3438.36  12922.8215  12922.8246   4.0  1  1
		137  137    67.14  12960.2029   12960.204   4.0  1  1
		137  137   865.85  12936.7224  12936.7322   4.0  1  1
		137  137  1710.03  12906.5313   12906.538   4.0  1  1
		137  137  2422.53  12876.9025   12876.897   4.0  1  1
		137  137  2682.57  12865.1671  12865.1625   4.0  1  1
		137  137  2992.10  12850.5759  12850.5741   4.0  1  1
		137  137  3225.67  12839.1313  12839.1228   4.0  1  1
		137  137  3466.80  12826.9366   12826.934   4.0  1  1
		137  137  3658.32  12816.9803  12816.9872   4.0  1  1
		137  137   629.56  12944.1899  12944.2033   4.0  1  1
		138  138   622.26  12850.5818  12850.5741   4.0  1  1
		138  138  1335.11  12826.9355   12826.934   4.0  1  1
		138  138  1604.73  12816.9869  12816.9872   4.0  1  1
		138  138  2059.84  12798.9689  12798.9697   4.0  1  1
		138  138  2154.13  12795.0455  12795.0451   4.0  1  1
		138  138  2359.46  12786.2779  12786.2744   4.0  1  1
		138  138  2735.47  12769.4381  12769.4345   4.0  1  1
		138  138  2818.50  12765.5852  12765.5862   4.0  1  1
		138  138  3150.27  12749.7176  12749.7187   4.0  1  1
		138  138  3407.71  12736.8996  12736.9011   4.0  1  1
		138  138  3870.41  12712.8012  12712.8037   4.0  1  1
		138  138  4001.12  12705.7522  12705.7571   4.0  1  1
		139  139   366.53  12765.5846  12765.5862   4.0  1  1
		139  139   890.14  12749.7239  12749.7187   4.0  1  1
		139  139  1270.38  12736.9016  12736.9011   4.0  1  1
		139  139  1912.27  12712.8017  12712.8037   4.0  1  1
		139  139  2086.10  12705.7537  12705.7571   4.0  1  1
		139  139  2214.12  12700.4227   12700.433   4.0  1  1
		139  139  2344.19  12694.8854  12694.8886   4.0  1  1
		139  139  3008.04  12664.7629    12664.76   4.0  1  1
		139  139  3234.40  12653.8032  12653.8015   4.0  1  1
		139  139  3311.52  12649.9927   12649.994   4.0  1  1
		139  139  3472.06  12641.9381   12641.939   4.0  1  1
		139  139  3588.37  12636.0019  12636.0013   4.0  1  1
		139  139  3798.37  12625.0748  12625.0717   4.0  1  1
		139  139  3518.06  12639.6004  12639.5996   4.0  1  1
		140  140  1037.65  12653.8011  12653.8015   4.0  1  1
		140  140  1151.07   12649.991   12649.994   4.0  1  1
		140  140  1381.99  12641.9355   12641.939   4.0  1  1
		140  140  1832.76  12625.0714  12625.0717   4.0  1  1
		140  140  2448.36  12599.6566  12599.6556   4.0  1  1
		140  140  2636.91  12591.3334  12591.3305   4.0  1  1
		140  140  3347.98  12557.7615  12557.7626   4.0  1  1
		140  140  3519.60  12549.1663   12549.166   4.0  1  1
		140  140   693.66  12664.7655    12664.76   4.0  1  1
		140  140  1446.96  12639.5973  12639.5996   4.0  1  1
		140  140  1545.28  12635.9995  12636.0013   4.0  1  1
		140  140  2483.00  12598.1464   12598.145   4.0  1  1
		141  141  1223.52   12557.762  12557.7626   4.0  1  1
		141  141  1467.49  12549.1672   12549.166   4.0  1  1
		141  141  2876.98  12491.0944  12491.0794   4.0  1  1
		141  141  3098.67  12480.7033  12480.7092   4.0  1  1
		141  141  3531.16   12459.519  12459.5223   4.0  1  1
		141  141  3700.67  12450.9011  12450.8968   4.0  1  1
		141  141  3858.25  12442.7362   12442.726   4.0  1  1
		141  141  2178.97  12521.6172  12521.6177   4.0  1  1
		142  142   531.43  12491.0991  12491.0794   4.0  1  1
		142  142   874.83  12480.7093  12480.7092   4.0  1  1
		142  142  1123.72  12472.6434  12472.6389   4.0  1  1
		142  142  1501.47  12459.5215  12459.5223   4.0  1  1
		142  142  1734.60  12450.8997  12450.8968   4.0  1  1
		142  142  1946.44   12442.725   12442.726   4.0  1  1
		142  142  2431.96  12422.7872  12422.7879   4.0  1  1
		142  142  2807.60  12406.2346  12406.2215   4.0  1  1
		142  142  3341.83  12381.0709   12381.074   4.0  1  1
		142  142  3768.73  12359.6767  12359.6736   4.0  1  1
		142  142  2363.57  12425.6958  12425.6931   4.0  1  1
		142  142  2530.12  12418.5554  12418.5563   4.0  1  1
		142  142  4016.08  12346.7769  12346.7711   4.0  1  1
		143  143  2300.80  12341.3735  12341.3736   4.0  1  1
		143  143  3685.01  12277.4483   12277.449   4.0  1  1
		143  143  1251.73  12381.0758   12381.074   4.0  1  1
		143  143  1842.81  12359.6741  12359.6736   4.0  1  1
		143  143  2169.52  12346.7698  12346.7711   4.0  1  1
		143  143  2694.32  12324.4835  12324.4863   4.0  1  1
		143  143  2763.23  12321.4172  12321.4191   4.0  1  1
		143  143  2788.61  12320.2798  12320.2833   4.0  1  1
		143  143  2939.50  12313.4289  12313.4277   4.0  1  1
		144  144  1745.95  12277.4487   12277.449   4.0  1  1
		144  144  2375.11  12252.5339  12252.5345   4.0  1  1
		144  144  2774.83  12235.2882  12235.2911   4.0  1  1
		144  144  2903.23  12229.5207  12229.5257   4.0  1  1
		144  144  3188.24  12216.3359   12216.338   4.0  1  1
		144  144  3316.62   12210.229  12210.2331   4.0  1  1
		144  144  3577.69   12197.499  12197.4998   4.0  1  1
		144  144  2719.88  12237.7228  12237.7237   4.0  1  1
		144  144  2746.57  12236.5427  12236.5447   4.0  1  1
		145  145   386.18  12236.5558  12236.5447   4.0  1  1
		145  145   431.67  12235.2931  12235.2911   4.0  1  1
		145  145   634.91  12229.5069  12229.5257   4.0  1  1
		145  145  1065.10  12216.3373   12216.338   4.0  1  1
		145  145  1250.66  12210.2389  12210.2331   4.0  1  1
		145  145  1615.70  12197.5043  12197.4998   4.0  1  1
		145  145  1940.91  12185.3551  12185.3521   4.0  1  1
		145  145  2376.86  12167.9139   12167.915   4.0  1  1
		145  145  2687.65  12154.6884  12154.6911   4.0  1  1
		145  145  2949.21  12143.0595  12143.0614   4.0  1  1
		145  145  3218.69  12130.6168  12130.6196   4.0  1  1
		145  145  3530.82  12115.6427  12115.6411   4.0  1  1
		145  145  3983.81   12092.861  12092.8715   4.0  1  1
		145  145  2298.47  12171.1463  12171.1484   4.0  1  1
		145  145  2732.84  12152.7115  12152.7142   4.0  1  1
		145  145  3173.37  12132.7413  12132.7427   4.0  1  1
		145  145  3321.36  12125.7567  12125.7564   4.0  1  1
		146  146   311.70  12154.6929  12154.6911   4.0  1  1
		146  146   385.20  12152.6943  12152.7142   4.0  1  1
		146  146  1061.25  12132.7344  12132.7427   4.0  1  1
		146  146  1127.07  12130.6177  12130.6196   4.0  1  1
		146  146  1274.57   12125.758  12125.7564   4.0  1  1
		146  146  1567.32  12115.6424  12115.6411   4.0  1  1
		146  146  2170.99  12092.8676  12092.8715   4.0  1  1
		146  146  3586.01  12029.9405  12029.9409   4.0  1  1
		146  146  3746.76  12022.0037  12022.0052   4.0  1  1
		146  146  1357.28  12122.9631  12122.9585   4.0  1  1
		147  147  1342.72  12040.9364   12040.931   4.0  1  1
		147  147  1657.89  12029.9428  12029.9409   4.0  1  1
		147  147  1873.85  12022.0052  12022.0052   4.0  1  1
		147  147  2156.13  12011.1453  12011.1464   4.0  1  1
		147  147  2717.63  11987.9467   11987.948   4.0  1  1
		147  147  3435.18  11955.3362  11955.3365   4.0  1  1
		147  147  3605.49  11947.1353  11947.1353   4.0  1  1
		147  147  3617.54  11946.5485  11946.5475   4.0  1  1
		147  147  3671.62  11943.9051   11943.905   4.0  1  1
		148  148  1466.07  11955.3402  11955.3365   4.0  1  1
		148  148  1715.38   11946.545  11946.5475   4.0  1  1
		148  148  1787.86  11943.9065   11943.905   4.0  1  1
		148  148  2408.57  11919.8479  11919.8448   4.0  1  1
		148  148  2531.85  11914.7627   11914.767   4.0  1  1
		148  148  2879.53  11899.8875  11899.8895   4.0  1  1
		148  148  3151.10  11887.7337  11887.7334   4.0  1  1
		148  148  3249.08  11883.2369  11883.2369   4.0  1  1
		148  148  3359.51  11878.0994  11878.0977   4.0  1  1
		148  148  3582.67  11867.4962  11867.4939   4.0  1  1
		148  148  3703.64  11861.6268  11861.6271   4.0  1  1
		148  148  1657.35   11948.631  11948.6283   4.0  1  1
		148  148  1698.90  11947.1398  11947.1353   4.0  1  1
		148  148  2806.18  11903.0905  11903.0911   4.0  1  1
		149  149  1079.79  11887.7248  11887.7334   4.0  1  1
		149  149  1220.44  11883.2345  11883.2369   4.0  1  1
		149  149  1376.21  11878.0966  11878.0977   4.0  1  1
		149  149  1682.62  11867.4924  11867.4939   4.0  1  1
		149  149  1844.59  11861.6247  11861.6271   4.0  1  1
		149  149  2576.95  11832.8901  11832.8754   4.0  1  1
		149  149  2743.34  11825.8704  11825.8717   4.0  1  1
		149  149  3152.82  11807.8496  11807.8479   4.0  1  1
		149  149  3752.63  11779.6276  11779.6362   4.0  1  1
		149  149  3778.07  11778.3844  11778.3894   4.0  1  1
		149  149  2626.50  11830.8183  11830.8174   4.0  1  1
		150  150  1098.47  11807.8473  11807.8479   4.0  1  1
		150  150  1922.59  11779.6338  11779.6362   4.0  1  1
		150  150  1956.14  11778.3872  11778.3894   4.0  1  1
		150  150  2987.85   11736.443  11736.4426   4.0  1  1
		150  150  3294.13     11722.7  11722.6969   4.0  1  1
		150  150  3636.94  11706.6608  11706.6565   4.0  1  1
		150  150  3962.47  11690.8085   11690.803   4.0  1  1
		151  151   873.61  11736.4564  11736.4426   4.0  1  1
		151  151  1314.91  11722.6958  11722.6969   4.0  1  1
		151  151  1648.53  11711.4105  11711.4115   4.0  1  1
		151  151  1782.91  11706.6537  11706.6565   4.0  1  1
		151  151  2208.25  11690.8032   11690.803   4.0  1  1
		151  151  2439.43  11681.6875  11681.6831   4.0  1  1
		151  151  2678.35  11671.9044  11671.9043   4.0  1  1
		151  151  3814.00  11620.6461  11620.6397   4.0  1  1
		152  152   416.45  11671.9147  11671.9043   4.0  1  1
		152  152  1547.84  11637.7783  11637.7865   4.0  1  1
		152  152  2028.90  11620.6372  11620.6397   4.0  1  1
		152  152  2579.33  11599.1603  11599.1584   4.0  1  1
		152  152  2725.61  11593.1256  11593.1256   4.0  1  1
		152  152  2951.20  11583.5594  11583.5605   4.0  1  1
		152  152  3155.14   11574.647  11574.6465   4.0  1  1
		153  153   276.01  11599.1562  11599.1584   4.0  1  1
		153  153  2788.65  11514.7078  11514.7099   4.0  1  1
		153  153  3025.69  11504.6281  11504.6253   4.0  1  1
		153  153  3328.90  11491.2542   11491.254   4.0  1  1
		153  153  3773.48  11470.6853   11470.685   4.0  1  1
		153  153  3826.05  11468.1754  11468.1767   4.0  1  1
		154  154   635.09  11514.7026  11514.7099   4.0  1  1
		154  154  1406.06  11491.2597   11491.254   4.0  1  1
		154  154  2000.63  11470.6845   11470.685   4.0  1  1
		154  154  2068.86  11468.1794  11468.1767   4.0  1  1
		154  154  2665.99  11444.9657  11444.9647   4.0  1  1
		154  154  2889.00  11435.7205  11435.7216   4.0  1  1
		154  154  2957.28  11432.8305  11432.8362   4.0  1  1
		154  154  3655.07  11401.7626  11401.7572   4.0  1  1
		154  154  3760.59  11396.8138  11396.8207   4.0  1  1
