		 42   42    79.18  13544.4511  13544.4447   4.0  1  1
		 42   42   264.68  13507.8684  13507.8834   4.0  1  1
		 42   42   288.84  13503.0592  13503.0969   4.0  1  1
		 42   42   651.61  13428.5616  13428.5971   4.0  1  1
		 42   42   668.80  13424.9153   13424.949   4.0  1  1
		 42   42   737.54  13410.2309  13410.2561   4.0  1  1
		 42   42   850.07   13385.848  13385.8722   4.0  1  1
		 42   42   888.29  13377.4736   13377.489   4.0  1  1
		 42   42   918.78  13370.7605  13370.7674   4.0  1  1
		 42   42  1084.62  13333.7622  13333.7635   4.0  1  1
		 42   42  1140.35  13321.1516  13321.1719   4.0  1  1
		 42   42  1159.32  13316.8391   13316.851   4.0  1  1
		 42   42  1207.05  13305.9441  13305.9511   4.0  1  1
		 42   42  1335.68  13276.2652  13276.2661   4.0  1  1
		 42   42  1416.09  13257.4757  13257.4859   4.0  1  1
		 42   42  1458.14  13247.5771  13247.5846   4.0  1  1
		 42   42  1499.04  13237.9015  13237.9046   4.0  1  1
		 42   42  1513.33    13234.51   13234.513   4.0  1  1
		 42   42  1525.05  13231.7241  13231.7238   4.0  1  1
		 42   42  1584.20  13217.6069  13217.6071   4.0  1  1
		 42   42  1864.87  13149.5107  13149.5072   4.0  1  1
		 42   42  1928.72  13133.8672  13133.8734   4.0  1  1
		 42   42  1938.32  13131.5152  13131.5137   4.0  1  1
		 43   43    51.10  13234.5196   13234.513   4.0  1  1
		 43   43    65.84  13231.7098  13231.7238   4.0  1  1
		 43   43   447.87  13157.4765  13157.4351   4.0  1  1
		 43   43   487.45  13149.5358  13149.5072   4.0  1  1
		 43   43   564.54  13133.9113  13133.8734   4.0  1  1
		 43   43   576.04  13131.5626  13131.5137   4.0  1  1
		 43   43   849.27  13074.4399  13074.4056   4.0  1  1
		 43   43   918.85  13059.5116  13059.4589   4.0  1  1
		 43   43   940.77  13054.7786  13054.7472   4.0  1  1
		 43   43   976.66  13046.9987  13046.9732   4.0  1  1
		 43   43  1045.36  13032.0024  13031.9892   4.0  1  1
		 43   43  1055.55  13029.7666  13029.7484   4.0  1  1
		 43   43  1136.80  13011.8345  13011.8219   4.0  1  1
		 43   43  1224.54  12992.2626  12992.2534   4.0  1  1
		 43   43  1366.23  12960.2024   12960.204   4.0  1  1
		 43   43  1420.48  12947.7786   12947.772   4.0  1  1
		 43   43  1436.00  12944.2093  12944.2033   4.0  1  1
		 43   43  1468.41  12936.7339  12936.7322   4.0  1  1
		 43   43  1598.06  12906.5446   12906.538   4.0  1  1
		 43   43  1723.62  12876.9052   12876.897   4.0  1  1
		 43   43  1772.96  12865.1675  12865.1625   4.0  1  1
		 43   43  1834.10  12850.5697  12850.5741   4.0  1  1
		 43   43  1881.95  12839.1175  12839.1228   4.0  1  1
		 43   43  1932.73  12826.9538   12826.934   4.0  1  1
		 43   43  1974.38  12816.9825  12816.9872   4.0  1  1
		 44   44   195.63   12906.583   12906.538   4.0  1  1
		 44   44   351.71  12876.9299   12876.897   4.0  1  1
		 44   44   412.49  12865.1776  12865.1625   4.0  1  1
		 44   44   487.06  12850.5882  12850.5741   4.0  1  1
		 44   44   545.05  12839.1106  12839.1228   4.0  1  1
		 44   44   589.12  12830.3111  12830.3117   4.0  1  1
		 44   44   605.90  12826.9433   12826.934   4.0  1  1
		 44   44   655.22  12816.9898  12816.9872   4.0  1  1
		 44   44   743.51  12798.9717  12798.9697   4.0  1  1
		 44   44   762.57  12795.0491  12795.0451   4.0  1  1
		 44   44   804.99  12786.2782  12786.2744   4.0  1  1
		 44   44   885.69  12769.4406  12769.4345   4.0  1  1
		 44   44   904.03   12765.587  12765.5862   4.0  1  1
		 44   44   979.07  12749.7174  12749.7187   4.0  1  1
		 44   44  1039.14  12736.8977  12736.9011   4.0  1  1
		 44   44  1150.62  12712.8394  12712.8037   4.0  1  1
		 44   44  1183.16  12705.7521  12705.7571   4.0  1  1
		 44   44  1207.42  12700.4493   12700.433   4.0  1  1
		 44   44  1368.71  12664.7824    12664.76   4.0  1  1
		 44   44  1417.71   12653.805  12653.8015   4.0  1  1
		 44   44  1434.64   12649.997   12649.994   4.0  1  1
		 44   44  1470.37  12641.9347   12641.939   4.0  1  1
		 44   44  1480.71  12639.5951  12639.5996   4.0  1  1
		 44   44  1496.56  12636.0032  12636.0013   4.0  1  1
		 44   44  1544.61  12625.0734  12625.0717   4.0  1  1
		 44   44  1655.38  12599.6537  12599.6556   4.0  1  1
		 44   44  1872.32  12549.1492   12549.166   4.0  1  1
		 45   45    73.43  12641.9483   12641.939   4.0  1  1
		 45   45   166.10  12625.0767  12625.0717   4.0  1  1
		 45   45   303.71  12599.6537  12599.6556   4.0  1  1
		 45   45   311.76  12598.1496   12598.145   4.0  1  1
		 45   45   348.14  12591.3274  12591.3305   4.0  1  1
		 45   45   523.93  12557.7504  12557.7626   4.0  1  1
		 45   45   568.18  12549.1353   12549.166   4.0  1  1
		 45   45   858.43   12491.061  12491.0794   4.0  1  1
		 45   45   908.90  12480.7009  12480.7092   4.0  1  1
		 45   45   947.99  12472.6265  12472.6389   4.0  1  1
		 45   45  1011.05  12459.5102  12459.5223   4.0  1  1
		 45   45  1052.24  12450.8833  12450.8968   4.0  1  1
		 45   45  1062.25  12448.7797  12448.7922   4.0  1  1
		 45   45  1091.02  12442.7185   12442.726   4.0  1  1
		 45   45  1171.30  12425.6865  12425.6931   4.0  1  1
		 45   45  1184.87  12422.7902  12422.7879   4.0  1  1
		 45   45  1204.65  12418.5597  12418.5563   4.0  1  1
		 45   45  1262.09  12406.2147  12406.2215   4.0  1  1
		 45   45  1358.96   12385.194  12385.1992   4.0  1  1
		 45   45  1377.74  12381.0896   12381.074   4.0  1  1
		 45   45  1475.10  12359.6601  12359.6736   4.0  1  1
		 45   45  1533.15  12346.7642  12346.7711   4.0  1  1
		 45   45  1557.33  12341.3672  12341.3736   4.0  1  1
		 45   45  1646.12  12321.4265  12321.4191   4.0  1  1
		 45   45  1651.18  12320.2845  12320.2833   4.0  1  1
		 45   45  1839.47  12277.4448   12277.449   4.0  1  1
		 45   45  1948.14  12252.5353  12252.5345   4.0  1  1
		 45   45  2023.49  12235.2813  12235.2911   4.0  1  1
		 46   46   115.02  12359.6502  12359.6736   4.0  1  1
		 46   46   187.16  12346.7548  12346.7711   4.0  1  1
		 46   46   217.16  12341.3568  12341.3736   4.0  1  1
		 46   46   326.99  12321.3836  12321.4191   4.0  1  1
		 46   46   561.80   12277.412   12277.449   4.0  1  1
		 46   46   690.68  12252.5152  12252.5345   4.0  1  1
		 46   46   766.08  12237.7085  12237.7237   4.0  1  1
		 46   46   778.39  12235.2747  12235.2911   4.0  1  1
		 46   46   807.45  12229.5116  12229.5257   4.0  1  1
		 46   46   873.49  12216.3228   12216.338   4.0  1  1
		 46   46   903.80  12210.2278  12210.2331   4.0  1  1
		 46   46   966.71  12197.4952  12197.4998   4.0  1  1
		 46   46  1026.15  12185.3649  12185.3521   4.0  1  1
		 46   46  1095.32  12171.1288  12171.1484   4.0  1  1
		 46   46  1110.83  12167.9191   12167.915   4.0  1  1
		 46   46  1174.45  12154.6866  12154.6911   4.0  1  1
		 46   46  1183.84  12152.7245  12152.7142   4.0  1  1
		 46   46  1229.93  12143.0598  12143.0614   4.0  1  1
		 46   46  1278.83  12132.7448  12132.7427   4.0  1  1
		 46   46  1288.86  12130.6213  12130.6196   4.0  1  1
		 46   46  1311.76  12125.7631  12125.7564   4.0  1  1
		 46   46  1325.05  12122.9373  12122.9585   4.0  1  1
		 46   46  1359.30  12115.6336  12115.6411   4.0  1  1
		 46   46  1465.15  12092.8677  12092.8715   4.0  1  1
		 46   46  1701.99  12040.9211   12040.931   4.0  1  1
		 46   46  1751.34  12029.9435  12029.9409   4.0  1  1
		 46   46  1835.37  12011.1626  12011.1464   4.0  1  1
		 46   46  1938.80  11987.9545   11987.948   4.0  1  1
		 47   47     5.28  12115.6527  12115.6411   4.0  1  1
		 47   47   136.48  12092.8564  12092.8715   4.0  1  1
		 47   47   427.40  12040.9264   12040.931   4.0  1  1
		 47   47   487.25  12029.9264  12029.9409   4.0  1  1
		 47   47   530.05  12021.9893  12022.0052   4.0  1  1
		 47   47   588.03  12011.1435  12011.1464   4.0  1  1
		 47   47   710.23  11987.9388   11987.948   4.0  1  1
		 47   47   878.11  11955.3307  11955.3365   4.0  1  1
		 47   47   922.57   11946.561  11946.5475   4.0  1  1
		 47   47   936.01  11943.8993   11943.905   4.0  1  1
		 47   47  1056.43  11919.8341  11919.8448   4.0  1  1
		 47   47  1081.58  11914.7596   11914.767   4.0  1  1
		 47   47  1139.15  11903.0818  11903.0911   4.0  1  1
		 47   47  1154.83  11899.8863  11899.8895   4.0  1  1
		 47   47  1214.22  11887.7254  11887.7334   4.0  1  1
		 47   47  1236.06  11883.2305  11883.2369   4.0  1  1
		 47   47  1260.96   11878.091  11878.0977   4.0  1  1
		 47   47  1305.41  11868.8766  11868.8873   4.0  1  1
		 47   47  1312.10  11867.4854  11867.4939   4.0  1  1
		 47   47  1340.26  11861.6168  11861.6271   4.0  1  1
		 47   47  1476.71   11832.895  11832.8754   4.0  1  1
		 47   47  1509.79  11825.8614  11825.8717   4.0  1  1
		 47   47  1593.95  11807.8476  11807.8479   4.0  1  1
		 47   47  1724.29  11779.6365  11779.6362   4.0  1  1
		 47   47  1729.98  11778.3972  11778.3894   4.0  1  1
		 47   47  1921.43  11736.4431  11736.4426   4.0  1  1
		 47   47  1983.97   11722.692  11722.6969   4.0  1  1
		 47   47  2035.25  11711.4361  11711.4115   4.0  1  1
		 48   48   182.74  11832.8953  11832.8754   4.0  1  1
		 48   48   223.57  11825.8447  11825.8717   4.0  1  1
		 48   48   326.71  11807.8391  11807.8479   4.0  1  1
		 48   48   484.74  11779.6383  11779.6362   4.0  1  1
		 48   48   491.65  11778.3874  11778.3894   4.0  1  1
		 48   48   718.78  11736.4443  11736.4426   4.0  1  1
		 48   48   791.46  11722.6954  11722.6969   4.0  1  1
		 48   48   850.41  11711.4332  11711.4115   4.0  1  1
		 48   48   875.28   11706.653  11706.6565   4.0  1  1
		 48   48   899.27  11702.0259  11702.0288   4.0  1  1
		 48   48   957.14  11690.8003   11690.803   4.0  1  1
		 48   48  1003.73  11681.6985  11681.6831   4.0  1  1
		 48   48  1053.55  11671.9032  11671.9043   4.0  1  1
		 48   48  1224.69  11637.7729  11637.7865   4.0  1  1
		 48   48  1237.49  11635.1905   11635.139   4.0  1  1
		 48   48  1309.27  11620.6331  11620.6397   4.0  1  1
		 48   48  1329.64  11616.4785  11616.4909   4.0  1  1
		 48   48  1346.23  11613.0872  11613.0884   4.0  1  1
		 48   48  1381.83  11605.7868  11605.7662   4.0  1  1
		 48   48  1414.03  11599.1565  11599.1584   4.0  1  1
		 48   48  1443.23  11593.1218  11593.1256   4.0  1  1
		 48   48  1489.31  11583.5561  11583.5605   4.0  1  1
		 48   48  1499.64  11581.4047  11581.4238   4.0  1  1
		 48   48  1512.72  11578.6768  11578.6836   4.0  1  1
		 48   48  1531.98  11574.6526  11574.6465   4.0  1  1
		 48   48  1814.48   11514.717  11514.7099   4.0  1  1
		 48   48  1861.48   11504.617  11504.6253   4.0  1  1
		 48   48  1923.52  11491.2587   11491.254   4.0  1  1
		 48   48  2019.14  11470.6679   11470.685   4.0  1  1
		 49   49   136.14  11599.1511  11599.1584   4.0  1  1
		 49   49   172.16  11593.0937  11593.1256   4.0  1  1
		 49   49   228.51  11583.5604  11583.5605   4.0  1  1
		 49   49   280.72   11574.657  11574.6465   4.0  1  1
		 49   49   513.04  11534.0859   11534.091   4.0  1  1
		 49   49   602.04  11518.1075  11518.1128   4.0  1  1
		 49   49   620.75  11514.7178  11514.7099   4.0  1  1
		 49   49   672.28   11505.328  11505.3305   4.0  1  1
		 49   49   676.04  11504.6398  11504.6253   4.0  1  1
		 49   49   748.71  11491.2577   11491.254   4.0  1  1
		 49   49   858.86  11470.6893   11470.685   4.0  1  1
		 49   49   872.25  11468.1664  11468.1767   4.0  1  1
		 49   49   994.25  11444.9613  11444.9647   4.0  1  1
		 49   49  1057.23  11432.8324  11432.8362   4.0  1  1
		 49   49  1121.09  11420.4324  11420.4301   4.0  1  1
		 49   49  1216.29  11401.7596  11401.7572   4.0  1  1
		 49   49  1241.32  11396.8132  11396.8207   4.0  1  1
		 49   49  1336.65  11377.8338  11377.8355   4.0  1  1
		 49   49  1404.58  11364.1745  11364.1759   4.0  1  1
		 49   49  1417.36  11361.5922  11361.6072   4.0  1  1
		 49   49  1436.00  11357.8188  11357.8225   4.0  1  1
		 49   49  1449.74  11355.0321   11355.028   4.0  1  1
		 49   49  1490.10  11346.8201  11346.8215   4.0  1  1
		 49   49  1547.16  11335.1449  11335.1456   4.0  1  1
		 49   49  1555.09  11333.5164  11333.5264   4.0  1  1
		 49   49  1923.39  11256.5816  11256.5863   4.0  1  1
		 49   49  1947.78   11251.432  11251.4291   4.0  1  1
		 49   49  2033.66  11233.3157  11233.3294   4.0  1  1
		 50   50   153.68  11364.1728  11364.1759   4.0  1  1
		 50   50   192.07  11357.8294  11357.8225   4.0  1  1
		 50   50   208.88  11355.0415   11355.028   4.0  1  1
		 50   50   258.18   11346.826  11346.8215   4.0  1  1
		 50   50   327.48  11335.1701  11335.1456   4.0  1  1
		 50   50   337.19  11333.5263  11333.5264   4.0  1  1
		 50   50   663.49   11276.662  11276.6537   4.0  1  1
		 50   50   744.40  11262.0767  11262.0654   4.0  1  1
		 50   50   774.56  11256.5929  11256.5863   4.0  1  1
		 50   50   802.80  11251.4356  11251.4291   4.0  1  1
		 50   50   901.03  11233.3299  11233.3294   4.0  1  1
		 50   50  1032.71  11208.6685  11208.6461   4.0  1  1
		 50   50  1111.16  11193.7713  11193.7763   4.0  1  1
		 50   50  1136.20  11188.9848  11188.9881   4.0  1  1
		 50   50  1201.99  11176.3366   11176.336   4.0  1  1
		 50   50  1378.59   11141.872  11141.8677   4.0  1  1
		 50   50  1403.56  11136.9391  11136.9262   4.0  1  1
		 50   50  1431.84  11131.3344  11131.3349   4.0  1  1
		 50   50  1449.76  11127.7732  11127.7872   4.0  1  1
		 50   50  1479.63  11121.8206  11121.8085   4.0  1  1
		 50   50  1502.66  11117.2169  11117.1977   4.0  1  1
		 50   50  1541.13  11109.4998  11109.4924   4.0  1  1
		 50   50  1564.30  11104.8359  11104.8435   4.0  1  1
		 50   50  1619.09  11093.7603  11093.7671   4.0  1  1
		 50   50  1677.41  11081.9026  11081.9033   4.0  1  1
		 50   50  1836.53  11049.2458  11049.2449   4.0  1  1
		 51   51   180.07  11136.9544  11136.9262   4.0  1  1
		 51   51   214.61  11131.3401  11131.3349   4.0  1  1
		 51   51   231.37  11128.6058  11128.5866   4.0  1  1
		 51   51   272.71  11121.8316  11121.8085   4.0  1  1
		 51   51   300.81  11117.2017  11117.1977   4.0  1  1
		 51   51   347.21  11109.5095  11109.4924   4.0  1  1
		 51   51   375.13  11104.8518  11104.8435   4.0  1  1
		 51   51   510.72  11081.9098  11081.9033   4.0  1  1
		 51   51   534.42  11077.8443   11077.838   4.0  1  1
		 51   51   637.12  11060.0372  11060.0363   4.0  1  1
		 51   51   648.56  11058.0348  11058.0137   4.0  1  1
		 51   51   666.30  11054.9224  11054.9215   4.0  1  1
		 51   51   698.54  11049.2433  11049.2449   4.0  1  1
		 51   51   715.96  11046.1627   11046.171   4.0  1  1
		 51   51   754.36  11039.3425  11039.3397   4.0  1  1
		 51   51  1044.16  10986.6303  10986.6402   4.0  1  1
		 51   51  1149.19  10967.0149  10966.9814   4.0  1  1
		 51   51  1155.22  10965.8808  10965.8863   4.0  1  1
		 51   51  1219.58  10953.7225  10953.7273   4.0  1  1
		 51   51  1234.56  10950.8786  10950.8672   4.0  1  1
		 51   51  1264.16  10945.2437  10945.2427   4.0  1  1
		 51   51  1362.20  10926.4337  10926.4365   4.0  1  1
		 51   51  1412.96  10916.6069  10916.5686   4.0  1  1
		 51   51  1476.75  10904.1734   10904.175   4.0  1  1
		 51   51  1521.73  10895.3507  10895.3465   4.0  1  1
		 51   51  1579.64  10883.9258  10883.9231   4.0  1  1
		 51   51  1648.06  10870.3358  10870.3167   4.0  1  1
		 51   51  1679.53  10864.0537  10864.0532   4.0  1  1
		 51   51  1916.17  10816.3293  10816.3558   4.0  1  1
		 51   51  1962.74  10806.8818  10806.8759   4.0  1  1
		 51   51  1981.71  10803.0339  10803.0065   4.0  1  1
		 52   52   295.35  10904.1645   10904.175   4.0  1  1
		 52   52   349.57  10895.3501  10895.3465   4.0  1  1
		 52   52   419.11  10883.9253  10883.9231   4.0  1  1
		 52   52   500.67  10870.3495  10870.3167   4.0  1  1
		 52   52   538.10  10864.0549  10864.0532   4.0  1  1
		 52   52   583.13  10856.4291  10856.4308   4.0  1  1
		 52   52   636.12  10847.3816  10847.3746   4.0  1  1
		 52   52   814.57  10816.3471  10816.3558   4.0  1  1
		 52   52   850.46  10810.0042   10809.974   4.0  1  1
		 52   52   868.13  10806.8693  10806.8759   4.0  1  1
		 52   52   889.61  10803.0479  10803.0065   4.0  1  1
		 52   52   968.87  10788.8485  10788.8649   4.0  1  1
		 52   52  1018.25   10779.925  10779.9322   4.0  1  1
		 52   52  1038.14  10776.3143  10776.3202   4.0  1  1
		 52   52  1054.41  10773.3537  10773.3341   4.0  1  1
		 52   52  1115.92  10762.1048  10762.0931   4.0  1  1
		 52   52  1142.21    10757.27  10757.2758   4.0  1  1
		 52   52  1168.56  10752.4081  10752.3727   4.0  1  1
		 52   52  1196.06  10747.3168  10747.3096   4.0  1  1
		 52   52  1252.51  10736.8111  10736.7957   4.0  1  1
		 52   52  1261.39  10735.1518  10735.1836   4.0  1  1
		 52   52  1289.63  10729.8629  10729.8649   4.0  1  1
		 52   52  1305.62  10726.8602  10726.8615   4.0  1  1
		 52   52  1314.62  10725.1675  10725.1681   4.0  1  1
		 52   52  1364.61  10715.7317  10715.7231   4.0  1  1
		 52   52  1426.77  10703.9195  10703.9181   4.0  1  1
		 52   52  1526.96   10684.698  10684.6995   4.0  1  1
		 52   52  1569.42  10676.4858  10676.4898   4.0  1  1
		 52   52  1617.44  10667.1526  10667.1537   4.0  1  1
		 52   52  1750.66  10641.0287   10641.037   4.0  1  1
		 53   53    48.42  10736.8089  10736.7957   4.0  1  1
		 53   53    93.48  10729.8669  10729.8649   4.0  1  1
		 53   53   103.32   10728.347  10728.3566   4.0  1  1
		 53   53   113.02  10726.8472  10726.8615   4.0  1  1
		 53   53   123.98  10725.1506  10725.1681   4.0  1  1
		 53   53   184.57  10715.7301  10715.7231   4.0  1  1
		 53   53   259.82  10703.9184  10703.9181   4.0  1  1
		 53   53   370.23  10686.3287  10686.3317   4.0  1  1
		 53   53   380.37  10684.6968  10684.6995   4.0  1  1
		 53   53   431.11  10676.4876  10676.4898   4.0  1  1
		 53   53   488.29  10667.1497  10667.1537   4.0  1  1
		 53   53   645.32  10641.0332   10641.037   4.0  1  1
		 53   53   668.09  10637.1898  10637.1955   4.0  1  1
		 53   53   781.12  10617.9068  10617.9109   4.0  1  1
		 53   53   836.41  10608.3542  10608.3652   4.0  1  1
		 53   53   941.57  10589.9764  10589.9979   4.0  1  1
		 53   53  1064.32  10568.1905   10568.199   4.0  1  1
		 53   53  1262.81  10532.2286   10532.212   4.0  1  1
		 53   53  1316.32  10522.3813   10522.393   4.0  1  1
		 53   53  1355.74  10515.0858  10515.0846   4.0  1  1
		 53   53  1386.49  10509.3707  10509.3808   4.0  1  1
		 53   53  1407.44   10505.465  10505.4666   4.0  1  1
		 53   53  1429.39  10501.3623  10501.3683   4.0  1  1
		 53   53  1448.86  10497.7143  10497.7153   4.0  1  1
		 53   53  1509.87  10486.2295  10486.2378   4.0  1  1
		 53   53  1538.04  10480.8996  10480.9049   4.0  1  1
		 53   53  1580.07  10472.9164  10472.9222   4.0  1  1
		 53   53  1595.13  10470.0471  10470.0489   4.0  1  1
		 53   53  1634.20  10462.5821  10462.5866   4.0  1  1
		 53   53  1682.48  10453.3173  10453.3054   4.0  1  1
		 53   53  1790.14  10432.5158   10432.528   4.0  1  1
		 54   54    85.64   10532.212   10532.212   4.0  1  1
		 54   54   150.25  10522.3991   10522.393   4.0  1  1
		 54   54   198.11  10515.0784  10515.0846   4.0  1  1
		 54   54   235.21  10509.3688  10509.3808   4.0  1  1
		 54   54   286.87  10501.3635  10501.3683   4.0  1  1
		 54   54   310.30  10497.7106  10497.7153   4.0  1  1
		 54   54   383.35  10486.2285  10486.2378   4.0  1  1
		 54   54   416.93  10480.9018  10480.9049   4.0  1  1
		 54   54   466.91  10472.9162  10472.9222   4.0  1  1
		 54   54   484.74  10470.0507  10470.0489   4.0  1  1
		 54   54   531.02  10462.5718  10462.5866   4.0  1  1
		 54   54   648.27  10443.3617  10443.3703   4.0  1  1
		 54   54   713.48  10432.5188   10432.528   4.0  1  1
		 54   54   827.30  10413.3317  10413.2827   4.0  1  1
		 54   54  1064.38  10372.3614  10372.3674   4.0  1  1
		 54   54  1180.21  10351.8763  10351.8842   4.0  1  1
		 54   54  1271.27  10335.5621  10335.5558   4.0  1  1
		 54   54  1401.31  10311.9473  10311.9479   4.0  1  1
		 54   54  1444.66   10303.993  10303.9896   4.0  1  1
		 54   54  1488.71  10295.8688  10295.8698   4.0  1  1
		 54   54  1510.65   10291.807  10291.8111   4.0  1  1
		 54   54  1542.34  10285.9224   10285.934   4.0  1  1
		 54   54  1621.77  10271.0834  10271.0735   4.0  1  1
		 54   54  1679.72   10260.181    10260.18   4.0  1  1
		 54   54  1688.92  10258.4447  10258.3908   4.0  1  1
		 54   54  1697.46  10256.8316  10256.8369   4.0  1  1
		 54   54  1731.64  10250.3635  10250.3651   4.0  1  1
		 54   54  1792.38  10238.8261  10238.8331   4.0  1  1
		 55   55   276.04  10311.9496  10311.9479   4.0  1  1
		 55   55   380.55  10295.8743  10295.8698   4.0  1  1
		 55   55   406.71  10291.8054  10291.8111   4.0  1  1
		 55   55   444.32  10285.9233   10285.934   4.0  1  1
		 55   55   538.14  10271.0829  10271.0735   4.0  1  1
		 55   55   606.21  10260.1671    10260.18   4.0  1  1
		 55   55   626.87  10256.8297  10256.8369   4.0  1  1
		 55   55   666.76  10250.3542  10250.3651   4.0  1  1
		 55   55   737.20  10238.8194  10238.8331   4.0  1  1
		 55   55   827.85  10223.7926   10223.797   4.0  1  1
		 55   55  1078.11  10181.3024  10181.3088   4.0  1  1
		 55   55  1098.44  10177.7886  10177.7965   4.0  1  1
		 55   55  1165.36   10166.158   10166.165   4.0  1  1
		 55   55  1274.20  10147.0333   10147.045   4.0  1  1
		 55   55  1290.38  10144.1683  10144.1765   4.0  1  1
		 55   55  1334.45  10136.3362  10136.3434   4.0  1  1
		 55   55  1421.30  10120.7792  10120.7629   4.0  1  1
		 55   55  1456.82  10114.3704  10114.3659   4.0  1  1
		 55   55  1580.30  10091.8882  10091.9003   4.0  1  1
		 55   55  1609.45  10086.5364  10086.5493   4.0  1  1
		 55   55  1614.34  10085.6371  10085.6428   4.0  1  1
		 55   55  1689.65  10071.7313  10071.7355   4.0  1  1
		 55   55  1780.65  10054.8047  10054.7963   4.0  1  1
		 55   55  1848.54  10042.1068  10042.1157   4.0  1  1
		 55   55  1900.28  10032.4024  10032.3914   4.0  1  1
		 56   56   217.94  10136.3357  10136.3434   4.0  1  1
		 56   56   364.27  10114.3698  10114.3659   4.0  1  1
		 56   56   510.36  10091.8898  10091.9003   4.0  1  1
		 56   56   544.58  10086.5421  10086.5493   4.0  1  1
		 56   56   638.38  10071.7259  10071.7355   4.0  1  1
		 56   56   743.81  10054.8036  10054.7963   4.0  1  1
		 56   56   821.81  10042.1079  10042.1157   4.0  1  1
		 56   56   880.88  10032.3971  10032.3914   4.0  1  1
		 56   56  1094.60  9996.60233   9996.6026   4.0  1  1
		 56   56  1131.24   9990.3651   9990.3729   4.0  1  1
		 56   56  1146.38  9987.77938   9987.7871   4.0  1  1
		 56   56  1206.74  9977.42193   9977.4234   4.0  1  1
		 56   56  1231.29  9973.18707   9973.1955   4.0  1  1
		 56   56  1251.03  9969.77264    9969.779   4.0  1  1
		 56   56  1271.47  9966.22842   9966.2223   4.0  1  1
		 56   56  1338.32  9954.57521   9954.5763   4.0  1  1
		 56   56  1353.70  9951.88086   9951.8804   4.0  1  1
		 56   56  1388.40  9945.78371   9945.7901   4.0  1  1
		 56   56  1539.89  9918.87412   9918.8376   4.0  1  1
		 56   56  1568.17  9913.79961   9913.8299   4.0  1  1
		 56   56  1651.48  9898.76285   9898.7609   4.0  1  1
		 56   56  1871.90   9858.4553   9858.4441   4.0  1  1
		 56   56  1881.24  9856.73556    9856.766   4.0  1  1
		 56   56  1906.02  9852.17058   9852.1601   4.0  1  1
		 57   57   243.97  9954.57471   9954.5763   4.0  1  1
		 57   57   262.41  9951.87293   9951.8804   4.0  1  1
		 57   57   303.74  9945.78824   9945.7901   4.0  1  1
		 57   57   409.37  9930.04463   9930.0464   4.0  1  1
		 57   57   483.29  9918.85618   9918.8376   4.0  1  1
		 57   57   516.34  9913.80758   9913.8299   4.0  1  1
		 57   57   573.11  9905.06923   9905.0717   4.0  1  1
		 57   57   613.76  9898.76107   9898.7609   4.0  1  1
		 57   57   867.65  9858.43701   9858.4441   4.0  1  1
		 57   57   878.00  9856.76081    9856.766   4.0  1  1
		 57   57   906.37  9852.15384   9852.1601   4.0  1  1
		 57   57  1004.32  9836.11024  9836.11902   4.0  1  1
		 57   57  1046.50  9829.13699  9829.14356   4.0  1  1
		 57   57  1090.26  9821.86226   9821.8694   4.0  1  1
		 57   57  1129.04  9815.38147   9815.3879   4.0  1  1
		 57   57  1182.60  9806.37868   9806.3821   4.0  1  1
		 57   57  1226.93  9798.88199  9798.88603   4.0  1  1
		 57   57  1295.63  9787.18341  9787.18601   4.0  1  1
		 57   57  1359.36    9776.244   9776.2468   4.0  1  1
		 57   57  1445.57  9761.31363    9761.312   4.0  1  1
		 57   57  1459.87  9758.82253   9758.8194   4.0  1  1
		 57   57  1515.31  9749.12629  9749.13518   4.0  1  1
		 57   57  1773.56  9703.21915  9703.22299   4.0  1  1
		 57   57  1972.19  9667.33734  9667.34842   4.0  1  1
		 57   57  2010.34  9660.43418  9660.43489   4.0  1  1
		 58   58   289.50  9776.24964   9776.2468   4.0  1  1
		 58   58   391.77  9761.31547    9761.312   4.0  1  1
		 58   58   408.68  9758.82102   9758.8194   4.0  1  1
		 58   58   473.85  9749.13932  9749.13518   4.0  1  1
		 58   58   526.22  9741.28025   9741.2929   4.0  1  1
		 58   58   673.60  9718.78961   9718.8062   4.0  1  1
		 58   58   773.59  9703.22668  9703.22299   4.0  1  1
		 58   58   808.64  9697.71539    9697.689   4.0  1  1
		 58   58   936.02  9677.45116   9677.4442   4.0  1  1
		 58   58   998.69  9667.35036  9667.34842   4.0  1  1
		 58   58  1041.36  9660.42504  9660.43489   4.0  1  1
		 58   58  1129.59  9645.98434    9645.964   4.0  1  1
		 58   58  1194.37  9635.27933  9635.28533   4.0  1  1
		 58   58  1212.85  9632.20974  9632.20992   4.0  1  1
		 58   58  1307.83   9616.3238   9616.3278   4.0  1  1
		 58   58  1338.62  9611.13489   9611.1217   4.0  1  1
		 58   58  1377.50  9604.55542   9604.5654   4.0  1  1
		 58   58  1464.99  9589.64004   9589.6567   4.0  1  1
		 58   58  1489.26  9585.47585   9585.4414   4.0  1  1
		 58   58  1521.23   9579.9732   9579.9731   4.0  1  1
		 58   58  1930.89  9508.00778  9507.99996   4.0  1  1
		 58   58  1977.08  9499.79323  9499.79379   4.0  1  1
		 58   58  1986.54  9498.11106  9498.10231   4.0  1  1
		 59   59   134.51  9632.21816  9632.20992   4.0  1  1
		 59   59   330.59  9604.56089   9604.5654   4.0  1  1
		 59   59   433.71    9589.659   9589.6567   4.0  1  1
		 59   59   462.29  9585.48195   9585.4414   4.0  1  1
		 59   59   607.88  9563.88483  9563.86735   4.0  1  1
		 59   59   969.78  9508.00663  9507.99996   4.0  1  1
		 59   59  1002.01  9502.88953   9502.9057   4.0  1  1
		 59   59  1021.43  9499.79575  9499.79379   4.0  1  1
		 59   59  1032.02  9498.10537  9498.10231   4.0  1  1
		 59   59  1085.45  9489.54154   9489.5274   4.0  1  1
		 59   59  1114.32  9484.88991   9484.8564   4.0  1  1
		 59   59  1138.66  9480.95504   9480.9306   4.0  1  1
		 59   59  1160.11  9477.47745  9477.47813   4.0  1  1
		 59   59  1185.92  9473.28073  9473.27955   4.0  1  1
		 59   59  1207.35  9469.78606  9469.79224   4.0  1  1
		 59   59  1245.00  9463.62414  9463.62287   4.0  1  1
		 59   59  1256.96  9461.66083   9461.6564   4.0  1  1
		 59   59  1422.59  9434.18176  9434.18658   4.0  1  1
		 59   59  1526.46  9416.67813    9416.671   4.0  1  1
		 59   59  1554.44  9411.92854     9411.93   4.0  1  1
		 59   59  1614.61  9401.66696   9401.6674   4.0  1  1
		 59   59  1664.14  9393.17311   9393.1612   4.0  1  1
		 59   59  1673.81  9391.51011   9391.5064   4.0  1  1
		 59   59  1706.68  9385.84636  9385.84618   4.0  1  1
		 59   59  1874.13   9356.7728  9356.78655   4.0  1  1
		 60   60    65.54  9480.91992   9480.9306   4.0  1  1
		 60   60    90.85  9477.48549  9477.47813   4.0  1  1
		 60   60   121.74  9473.28055  9473.27955   4.0  1  1
		 60   60   192.18   9463.6286  9463.62287   4.0  1  1
		 60   60   206.44  9461.66286   9461.6564   4.0  1  1
		 60   60   402.38   9434.1904  9434.18658   4.0  1  1
		 60   60   524.02  9416.66924    9416.671   4.0  1  1
		 60   60   556.45  9411.93634     9411.93   4.0  1  1
		 60   60   626.19  9401.67145   9401.6674   4.0  1  1
		 60   60   683.41  9393.16219   9393.1612   4.0  1  1
		 60   60   694.45  9391.51153   9391.5064   4.0  1  1
		 60   60   732.18  9385.84888  9385.84618   4.0  1  1
		 60   60   922.54  9356.79142  9356.78655   4.0  1  1
		 60   60  1009.48  9343.26169  9343.26772   4.0  1  1
		 60   60  1154.90  9320.28639    9320.286   4.0  1  1
		 60   60  1200.47  9312.99992   9312.9982   4.0  1  1
		 60   60  1216.37  9310.44795   9310.4494   4.0  1  1
		 60   60  1317.63  9294.07982  9294.08077   4.0  1  1
		 60   60  1329.73  9292.11061  9292.11105   4.0  1  1
		 60   60  1410.98  9278.81475  9278.81815   4.0  1  1
		 60   60  1467.59  9269.47683  9269.46219   4.0  1  1
		 60   60  1472.03  9268.74191  9268.74922   4.0  1  1
		 60   60  1507.58  9262.84434   9262.8661   4.0  1  1
		 60   60  1673.41  9235.03711   9235.0291   4.0  1  1
		 60   60  1720.70  9227.02455  9227.03063   4.0  1  1
		 60   60  1841.26   9206.4619  9206.48714   4.0  1  1
		 60   60  1872.82  9201.05341   9200.9995   4.0  1  1
		 60   60  1895.64  9197.13795  9197.16207   4.0  1  1
		 61   61   296.74  9294.07386  9294.08077   4.0  1  1
		 61   61   311.04  9292.10344  9292.11105   4.0  1  1
		 61   61   406.59  9278.81157  9278.81815   4.0  1  1
		 61   61   477.93  9268.74314  9268.74922   4.0  1  1
		 61   61   764.87  9227.02317  9227.03063   4.0  1  1
		 61   61   822.39  9218.43461   9218.4484   4.0  1  1
		 61   61   871.05  9211.11321   9211.1077   4.0  1  1
		 61   61   901.66  9206.48191  9206.48714   4.0  1  1
		 61   61   962.89  9197.15919  9197.16207   4.0  1  1
		 61   61  1065.96  9181.29329   9181.2983   4.0  1  1
		 61   61  1117.08  9173.34539   9173.3387   4.0  1  1
		 61   61  1148.67  9168.40816  9168.41036   4.0  1  1
		 61   61  1308.94  9143.06021   9143.0643   4.0  1  1
		 61   61  1345.58  9137.19592   9137.1989   4.0  1  1
		 61   61  1418.45  9125.45733  9125.47121   4.0  1  1
		 61   61  1590.52  9097.35037  9097.32481   4.0  1  1
		 61   61  1720.44  9075.79318   9075.8066   4.0  1  1
