# Tue 15:33:48 10-Oct-2017
begin	ecidentify comparison_HIRESY_20170727nm_ecall
	id	comparison_HIRESY_20170727nm_ecall
	task	ecidentify
	image	comparison_HIRESY_20170727nm_ecall
	units	angstroms
	features	23
		159  159  1118.16  559.580688  11136.9262   4.0  1  1
		159  159  1302.77  651.887268  11131.3349   4.0  1  1
		159  159  1601.30  801.147705  11121.8085   4.0  1  1
		159  159  1963.00  982.001099  11109.4924   4.0  1  1
		159  159  2093.79  1047.39294  11104.8435   4.0  1  1
		159  159  2700.79  1350.89282  11081.9033   4.0  1  1
		159  159  2802.61  1401.80493   11077.838   4.0  1  1
		159  159  3230.07  1615.53638  11060.0363   4.0  1  1
		159  159  3276.97  1638.98718  11058.0137   4.0  1  1
		159  159  3348.21  1674.60547  11054.9215   4.0  1  1
		159  159  3477.33  1739.16455  11049.2449   4.0  1  1
		159  159  3546.08  1773.53809   11046.171   4.0  1  1
		160  160   593.22   297.11084  11081.9033   4.0  1  1
		160  160  1358.66  679.828796  11060.0363   4.0  1  1
		160  160  1423.03  712.017334  11058.0137   4.0  1  1
		160  160  1520.17  760.586121  11054.9215   4.0  1  1
		160  160  1693.60   847.30249  11049.2449   4.0  1  1
		160  160  1784.62    892.8078   11046.171   4.0  1  1
		160  160  1983.04   992.02063  11039.3397   4.0  1  1
		162  162   246.77  123.884323  10953.7273   4.0  1  1
		162  162   363.97   182.48526  10950.8672   4.0  1  1
		162  162   587.78  294.392059  10945.2427   4.0  1  1
		162  162  2508.94  1254.96887  10883.9231   4.0  1  1
	slope	0

# Tue 16:18:15 10-Oct-2017
begin	ecidentify comparison_HIRESY_20170727nm_ecall
	id	comparison_HIRESY_20170727nm_ecall
	task	ecidentify
	image	comparison_HIRESY_20170727nm_ecall
	units	angstroms
	features	222
		159  157  1118.16  11136.9312  11136.9262   4.0  1  1
		159  157  1302.78  11131.3349  11131.3349   4.0  1  1
		159  157  1390.85  11128.5845  11128.5866   4.0  1  1
		159  157  1601.30   11121.806  11121.8085   4.0  1  1
		159  157  1739.66   11117.194  11117.1977   4.0  1  1
		159  157  1963.00  11109.4961  11109.4924   4.0  1  1
		159  157  2093.79  11104.8458  11104.8435   4.0  1  1
		159  157  2700.79   11081.902  11081.9033   4.0  1  1
		159  157  2802.61   11077.832   11077.838   4.0  1  1
		159  157  3230.07  11060.0392  11060.0363   4.0  1  1
		159  157  3276.97   11058.018  11058.0137   4.0  1  1
		159  157  3348.21  11054.9229  11054.9215   4.0  1  1
		159  157  3477.33  11049.2375  11049.2449   4.0  1  1
		159  157  3546.08  11046.1724   11046.171   4.0  1  1
		160  158   593.22  11081.8988  11081.9033   4.0  1  1
		160  158  1358.66  11060.0343  11060.0363   4.0  1  1
		160  158  1423.04  11058.0163  11058.0137   4.0  1  1
		160  158  1520.17  11054.9196  11054.9215   4.0  1  1
		160  158  1693.61  11049.2385  11049.2449   4.0  1  1
		160  158  1784.62  11046.1811   11046.171   4.0  1  1
		160  158  1983.04  11039.3367  11039.3397   4.0  1  1
		161  159  2451.74  10953.7268  10953.7273   4.0  1  1
		162  160   246.77  10953.7248  10953.7273   4.0  1  1
		162  160   363.97  10950.8746  10950.8672   4.0  1  1
		162  160   587.80  10945.2424  10945.2427   4.0  1  1
		162  160  2199.58  10895.3459  10895.3465   4.0  1  1
		162  160  2508.94  10883.9231  10883.9231   4.0  1  1
		163  161   355.00  10883.9227  10883.9231   4.0  1  1
		163  161  1103.52  10864.0547  10864.0532   4.0  1  1
		163  161  2529.06  10816.3605  10816.3558   4.0  1  1
		163  161  2542.26  10815.8619    10815.86   4.0  1  1
		163  161  2558.67  10815.2402   10815.241   4.0  1  1
		163  161  2695.82  10809.9823   10809.974   4.0  1  1
		163  161  2775.49  10806.8753  10806.8759   4.0  1  1
		163  161  3512.02  10776.3187  10776.3202   4.0  1  1
		163  161  3580.24  10773.3389  10773.3341   4.0  1  1
		163  161  3835.08   10762.095  10762.0931   4.0  1  1
		164  162  1796.15  10776.3194  10776.3202   4.0  1  1
		164  162  1885.17  10773.3377  10773.3341   4.0  1  1
		164  162  2208.92  10762.0961  10762.0931   4.0  1  1
		164  162  2880.80  10736.8018  10736.7957   4.0  1  1
		164  162  3053.39  10729.8621  10729.8649   4.0  1  1
		164  162  3126.65  10726.8607  10726.8615   4.0  1  1
		164  162  3167.69   10725.165  10725.1681   4.0  1  1
		164  162  3391.87  10715.7269  10715.7231   4.0  1  1
		164  162  3664.51  10703.9145  10703.9181   4.0  1  1
		165  163  1189.92  10729.8648  10729.8649   4.0  1  1
		165  163  1241.33  10728.3568  10728.3566   4.0  1  1
		165  163  1291.72  10726.8619  10726.8615   4.0  1  1
		165  163  1348.18   10725.167  10725.1681   4.0  1  1
		165  163  1650.95  10715.7258  10715.7231   4.0  1  1
		165  163  2006.43  10703.9133  10703.9181   4.0  1  1
		165  163  2498.72  10686.3279  10686.3317   4.0  1  1
		165  163  2542.50  10684.6959  10684.6995   4.0  1  1
		165  163  2758.27  10676.4849  10676.4898   4.0  1  1
		165  163  2995.04  10667.1496  10667.1537   4.0  1  1
		166  164   392.82  10686.3305  10686.3317   4.0  1  1
		166  164   459.82  10684.6987  10684.6995   4.0  1  1
		166  164   782.68  10676.4899  10676.4898   4.0  1  1
		166  164  1122.67  10667.1546  10667.1537   4.0  1  1
		166  164  3818.08  10568.1986   10568.199   4.0  1  1
		167  165  2223.51  10568.1939   10568.199   4.0  1  1
		167  165  3172.09  10532.2143   10532.212   4.0  1  1
		167  165  3713.88  10509.3781  10509.3808   4.0  1  1
		168  166  1394.97  10532.2168   10532.212   4.0  1  1
		168  166  1510.17  10528.7193  10528.7222   4.0  1  1
		168  166  1712.09  10522.3894   10522.393   4.0  1  1
		168  166  1935.96  10515.0832  10515.0846   4.0  1  1
		168  166  2104.79  10509.3793  10509.3808   4.0  1  1
		168  166  2217.93  10505.4653  10505.4666   4.0  1  1
		168  166  2334.18  10501.3678  10501.3683   4.0  1  1
		168  166  2436.01   10497.715  10497.7153   4.0  1  1
		168  166  2745.55  10486.2419  10486.2378   4.0  1  1
		168  166  2884.57  10480.9042  10480.9049   4.0  1  1
		168  166  3087.10    10472.92  10472.9222   4.0  1  1
		168  166  3158.48  10470.0471  10470.0489   4.0  1  1
		168  166  3340.62   10462.583  10462.5866   4.0  1  1
		168  166  3561.38  10453.3069  10453.3054   4.0  1  1
		169  167  1009.48  10480.9062  10480.9049   4.0  1  1
		169  167  1291.98  10472.9209  10472.9222   4.0  1  1
		169  167  1389.38  10470.0495  10470.0489   4.0  1  1
		169  167  1633.65  10462.5864  10462.5866   4.0  1  1
		169  167  1922.06  10453.3081  10453.3054   4.0  1  1
		169  167  2215.43   10443.373  10443.3703   4.0  1  1
		169  167  2520.24   10432.531   10432.528   4.0  1  1
		169  167  2791.34  10422.4373       INDEF   4.0  1  1
		170  168  3030.75  10351.8873  10351.8842   4.0  1  1
		170  168  3434.86  10335.5642  10335.5558   4.0  1  1
		171  169  1240.38  10351.8835  10351.8842   4.0  1  1
		171  169  1781.11  10335.5601  10335.5558   4.0  1  1
		171  169  2479.13  10311.9564  10311.9479   4.0  1  1
		171  169  2913.56  10295.8642  10295.8698   4.0  1  1
		171  169  3018.37  10291.8155  10291.8111   4.0  1  1
		171  169  3167.76  10285.9336   10285.934   4.0  1  1
		171  169  3532.10  10271.0772  10271.0735   4.0  1  1
		171  169  3791.66  10260.1693    10260.18   4.0  1  1
		171  169  3870.41  10256.8412  10256.8369   4.0  1  1
		172  170   459.52  10311.9484  10311.9479   4.0  1  1
		172  170  1090.44  10295.8642  10295.8698   4.0  1  1
		172  170  1438.97  10285.9307   10285.934   4.0  1  1
		172  170  1917.72  10271.0794  10271.0735   4.0  1  1
		172  170  2244.58  10260.1796    10260.18   4.0  1  1
		172  170  2296.72  10258.3854  10258.3908   4.0  1  1
		172  170  2341.35  10256.8375  10256.8369   4.0  1  1
		172  170  2524.66  10250.3629  10250.3651   4.0  1  1
		172  170  2838.52  10238.8319  10238.8331   4.0  1  1
		172  170  3226.27  10223.7937   10223.797   4.0  1  1
		173  171   542.36  10250.3593  10250.3651   4.0  1  1
		173  171   997.77  10238.8343  10238.8331   4.0  1  1
		173  171  2793.73  10181.3063  10181.3088   4.0  1  1
		173  171  2887.52  10177.7945  10177.7965   4.0  1  1
		173  171  3189.02  10166.1599   10166.165   4.0  1  1
		173  171  3659.73  10147.0396   10147.045   4.0  1  1
		173  171  3728.43  10144.1802  10144.1765   4.0  1  1
		174  172   947.14  10181.3093  10181.3088   4.0  1  1
		174  172  1079.16  10177.7952  10177.7965   4.0  1  1
		174  172  1490.31  10166.1619   10166.165   4.0  1  1
		174  172  2100.53  10147.0399   10147.045   4.0  1  1
		174  172  2186.61  10144.1729  10144.1765   4.0  1  1
		174  172  2415.75  10136.3413  10136.3434   4.0  1  1
		174  172  3017.63   10114.365  10114.3659   4.0  1  1
		174  172  3582.71  10091.8947  10091.9003   4.0  1  1
		174  172  3711.99  10086.5616  10086.5493   4.0  1  1
		175  173   406.96  10136.3456  10136.3434   4.0  1  1
		175  173  1270.53  10114.3649  10114.3659   4.0  1  1
		175  173  2013.03   10091.899  10091.9003   4.0  1  1
		175  173  2175.94  10086.5486  10086.5493   4.0  1  1
		175  173  2203.14   10085.641  10085.6428   4.0  1  1
		175  173  2605.61  10071.7372  10071.7355   4.0  1  1
		175  173  3063.81  10054.8005  10054.7963   4.0  1  1
		175  173  3387.75  10042.1125  10042.1157   4.0  1  1
		175  173  3627.64  10032.3919  10032.3914   4.0  1  1
		176  174   702.41  10071.7409  10071.7355   4.0  1  1
		176  174  1344.56  10054.7995  10054.7963   4.0  1  1
		176  174  1772.97  10042.1155  10042.1157   4.0  1  1
		176  174  2079.39  10032.3962  10032.3914   4.0  1  1
		176  174  3091.56  9996.60939   9996.6026   4.0  1  1
		176  174  3252.91  9990.37406   9990.3729   4.0  1  1
		176  174  3318.80  9987.78735   9987.7871   4.0  1  1
		177  175  1392.84  9996.60916   9996.6026   4.0  1  1
		177  175  1607.18   9990.3735   9990.3729   4.0  1  1
		177  175  1693.42  9987.78869   9987.7871   4.0  1  1
		177  175  2026.02  9977.42377   9977.4234   4.0  1  1
		177  175  2156.30  9973.19698   9973.1955   4.0  1  1
		177  175  2259.68  9969.77753    9969.779   4.0  1  1
		177  175  2365.30  9966.22451   9966.2223   4.0  1  1
		177  175  2699.57   9954.5795   9954.5763   4.0  1  1
		177  175  2774.55  9951.88241   9951.8804   4.0  1  1
		177  175  2940.70  9945.79416   9945.7901   4.0  1  1
		178  176   862.90  9954.57774   9954.5763   4.0  1  1
		178  176   969.12  9951.87701   9951.8804   4.0  1  1
		178  176  1199.39  9945.79123   9945.7901   4.0  1  1
		178  176  2257.43  9913.83161   9913.8299   4.0  1  1
		178  176  2398.23   9909.1112   9909.1074   4.0  1  1
		178  176  2413.16  9908.60433   9908.6024   4.0  1  1
		178  176  2516.19  9905.07457   9905.0717   4.0  1  1
		178  176  2696.25  9898.76703   9898.7609   4.0  1  1
		178  176  3748.84  9858.45429   9858.4441   4.0  1  1
		178  176  3790.91  9856.75415    9856.766   4.0  1  1
		179  177   435.22  9909.11749   9909.1074   4.0  1  1
		179  177   457.86  9908.60285   9908.6024   4.0  1  1
		179  177   869.95  9898.76803   9898.7609   4.0  1  1
		179  177  1681.36  9876.52386    9876.522   4.0  1  1
		179  177  1843.38  9871.62126   9871.6258   4.0  1  1
		179  177  1876.31  9870.60693   9870.5958   4.0  1  1
		179  177  2257.33  9858.44056   9858.4441   4.0  1  1
		179  177  2308.07  9856.76163    9856.766   4.0  1  1
		179  177  2445.18   9852.1565   9852.1601   4.0  1  1
		179  177  2901.09  9836.11453  9836.11902   4.0  1  1
		179  177  3089.84  9829.13785  9829.14356   4.0  1  1
		179  177  3281.32  9821.86125   9821.8694   4.0  1  1
		179  177  3447.79   9815.3838   9815.3879   4.0  1  1
		179  177  3674.57  9806.37878   9806.3821   4.0  1  1
		179  177  3861.28  9798.88516  9798.88603   4.0  1  1
		180  178   313.02  9856.76161    9856.766   4.0  1  1
		180  178   518.50  9852.14934   9852.1601   4.0  1  1
		180  178  1166.83  9836.11355  9836.11902   4.0  1  1
		180  178  1421.60  9829.14121  9829.14356   4.0  1  1
		180  178  1888.44  9815.38465   9815.3879   4.0  1  1
		180  178  2173.93  9806.37649   9806.3821   4.0  1  1
		180  178  2401.61  9798.88137  9798.88603   4.0  1  1
		180  178  2741.51  9787.17972  9787.18601   4.0  1  1
		180  178  3043.75  9776.24874   9776.2468   4.0  1  1
		180  178  3436.44  9761.31399    9761.312   4.0  1  1
		180  178  3500.01  9758.82638   9758.8194   4.0  1  1
		180  178  3744.39   9749.1391  9749.13518   4.0  1  1
		181  179   465.94  9798.88641  9798.88603   4.0  1  1
		181  179   956.67  9787.17983  9787.18601   4.0  1  1
		181  179  1370.25  9776.24633   9776.2468   4.0  1  1
		181  179  1513.84  9772.21522   9772.2128   4.0  1  1
		181  179  1882.96  9761.31164    9761.312   4.0  1  1
		181  179  1929.19  9759.89243   9759.8948   4.0  1  1
		181  179  1963.98  9758.81715   9758.8194   4.0  1  1
		181  179  2045.63   9756.2674   9756.2665   4.0  1  1
		181  179  2268.40  9749.13044  9749.13518   4.0  1  1
		181  179  2503.98  9741.29932   9741.2929   4.0  1  1
		181  179  2574.80  9738.88791   9738.8807   4.0  1  1
		181  179  3073.09  9721.16226    9721.157   4.0  1  1
		181  179  3543.78  9703.22134  9703.22299   4.0  1  1
		182  180   278.51  9749.13637  9749.13518   4.0  1  1
		182  180  2027.28  9703.22501  9703.22299   4.0  1  1
		182  180  2202.34   9697.6886    9697.689   4.0  1  1
		182  180  2803.90  9677.44068   9677.4442   4.0  1  1
		182  180  3084.29  9667.34837  9667.34842   4.0  1  1
		182  180  3270.02  9660.43383  9660.43489   4.0  1  1
		183  181  1443.37  9667.35045  9667.34842   4.0  1  1
		183  181  2162.21  9645.96631    9645.964   4.0  1  1
		183  181  2490.46  9635.28479  9635.28533   4.0  1  1
		183  181  2581.94  9632.20811  9632.20992   4.0  1  1
		183  181  2709.94  9627.83038   9627.8381   4.0  1  1
		183  181  2830.15   9623.6411    9623.634   4.0  1  1
		183  181  3035.05  9616.32524   9616.3278   4.0  1  1
		183  181  3352.34   9604.5651   9604.5654   4.0  1  1
		184  182   632.57  9635.28645  9635.28533   4.0  1  1
		184  182   764.19  9632.21121  9632.20992   4.0  1  1
		184  182  1111.35  9623.63527    9623.634   4.0  1  1
		184  182  1387.36  9616.32747   9616.3278   4.0  1  1
		184  182  1801.10  9604.56683   9604.5654   4.0  1  1
		184  182  2284.41  9589.65042   9589.6567   4.0  1  1
		184  182  2413.87  9585.44705   9585.4414   4.0  1  1
		184  182  2578.51  9579.97644   9579.9731   4.0  1  1
		184  182  3040.81  9563.86787  9563.86735   4.0  1  1
	offset	-2
	niterate 0
	lowreject 3.
	highreject 3.
	coefficients	48
		1.
		8.
		5.
		1.
		1.
		4095.000000000001
		157.
		182.
		1744232.656973166
		-11443.79774576439
		-1004.394982258086
		27.36478094691085
		17.7236955483914
		5.01528201505973
		8.186068609675489
		2.199634058810968
		1480.670799362716
		-9.841499243855279
		6.344561801794213
		3.525410432190283
		-0.2059434393199836
		0.9202712361165467
		-1.163811343503414
		0.4656343046942668
		-51.50248611293019
		22.03697006652864
		-2.973005846121518
		-4.276669184893559
		-5.087265605628829
		-2.7670644832716
		-2.017957469743405
		-0.7047848841644607
		2.208599763089157
		-0.8065801453762661
		0.7502842362204104
		0.7204726775730012
		0.4370873577536628
		0.1744702691425043
		0.1019857535638078
		0.2025930216051318
		-2.429368701671123
		-2.832499445358815
		-4.531493457728833
		-2.267839121999361
		-2.853805128506687
		-1.096006102693194
		-1.122493569017586
		-0.5567085485491488

# Tue 16:43:35 10-Oct-2017
begin	ecidentify comparison_HIRESY_20170727nm_ecall
	id	comparison_HIRESY_20170727nm_ecall
	task	ecidentify
	image	comparison_HIRESY_20170727nm_ecall
	units	angstroms
	features	396
		159  157   948.57  11141.8686  11141.8677   6.0  1  1
		159  157  1118.16  11136.9316  11136.9262   4.0  1  1
		159  157  1302.78   11131.336  11131.3349   4.0  1  1
		159  157  1390.85  11128.5861  11128.5866   4.0  1  1
		159  157  1438.95  11127.0623  11127.0649   6.0  1  1
		159  157  1601.30  11121.8073  11121.8085   4.0  1  1
		159  157  1739.66  11117.1946  11117.1977   4.0  1  1
		159  157  1963.00   11109.495  11109.4924   4.0  1  1
		159  157  2093.79  11104.8436  11104.8435   4.0  1  1
		159  157  2293.82  11097.5295    11097.53   6.0  1  1
		159  157  2356.34  11095.1939  11095.1938   6.0  1  1
		159  157  2394.18   11093.769  11093.7671   6.0  1  1
		159  157  2700.79  11081.9002  11081.9033   4.0  1  1
		159  157  2802.61  11077.8302   11077.838   4.0  1  1
		159  157  2829.18  11076.7576  11076.7632   6.0  1  1
		159  157  3230.07  11060.0344  11060.0363   4.0  1  1
		159  157  3276.97  11058.0137  11058.0137   4.0  1  1
		159  157  3348.21  11054.9201  11054.9215   4.0  1  1
		159  157  3477.33   11049.244  11049.2449   4.0  1  1
		159  157  3698.89  11039.3373  11039.3397   6.0  1  1
		160  158   593.22     11081.9  11081.9033   4.0  1  1
		160  158   746.16  11077.8399   11077.838   6.0  1  1
		160  158  1358.66  11060.0345  11060.0363   4.0  1  1
		160  158  1423.04  11058.0164  11058.0137   4.0  1  1
		160  158  1520.17  11054.9199  11054.9215   4.0  1  1
		160  158  1693.61  11049.2384  11049.2449   4.0  1  1
		160  158  1784.62  11046.1805   11046.171   4.0  1  1
		160  158  1926.63  11041.3065  11041.3131   6.0  1  1
		160  158  1983.04  11039.3358  11039.3397   4.0  1  1
		160  158  2212.99  11031.1047  11031.1049   6.0  1  1
		160  158  2242.99  11030.0076  11029.9953   6.0  1  1
		160  158  2334.87  11026.6135   11026.614   6.0  1  1
		160  158  2383.77  11024.7867  11024.7865   6.0  1  1
		160  158  2515.22  11019.8045   11019.803   6.0  1  1
		160  158  2895.33  11004.8016  11004.8066   6.0  1  1
		160  158  3173.99  10993.2296   10993.221   6.0  1  1
		160  158  3327.90  10986.6346  10986.6402   6.0  1  1
		160  158  3344.28  10985.9245   10985.917   6.0  1  1
		160  158  3796.08  10965.8823  10965.8863   6.0  1  1
		160  158  4067.77  10953.7283  10953.7273   6.0  1  1
		161  159  2451.74  10953.7271  10953.7273   4.0  1  1
		161  159  3137.27  10926.4348  10926.4365   6.0  1  1
		162  160   246.77  10953.7269  10953.7273   4.0  1  1
		162  160   363.97  10950.8725  10950.8672   4.0  1  1
		162  160   587.80  10945.2391  10945.2427   6.0  1  1
		162  160  1261.81  10926.4322  10926.4365   6.0  1  1
		162  160  2199.58  10895.3469  10895.3465   4.0  1  1
		162  160  2257.04   10893.268  10893.2664   6.0  1  1
		162  160  2508.94  10883.9242  10883.9231   4.0  1  1
		162  160  2792.74  10872.9403  10872.9408   6.0  1  1
		162  160  2858.43  10870.3275  10870.3167   6.0  1  1
		162  160  2978.65  10865.4756  10865.4782   6.0  1  1
		162  160  3013.45  10864.0542  10864.0532   6.0  1  1
		162  160  3196.98  10856.4345  10856.4308   6.0  1  1
		162  160  3409.14  10847.3766  10847.3746   6.0  1  1
		163  161   355.00  10883.9209  10883.9231   4.0  1  1
		163  161   784.69  10872.9344  10872.9408   6.0  1  1
		163  161  1053.68  10865.4868  10865.4782   6.0  1  1
		163  161  1103.52  10864.0542  10864.0532   4.0  1  1
		163  161  1359.61  10856.4308  10856.4308   6.0  1  1
		163  161  1646.61  10847.3733  10847.3746   6.0  1  1
		163  161  2529.06  10816.3621  10816.3558   4.0  1  1
		163  161  2542.26  10815.8633    10815.86   4.0  1  1
		163  161  2558.67  10815.2417   10815.241   4.0  1  1
		163  161  2695.82  10809.9828   10809.974   4.0  1  1
		163  161  2775.49  10806.8754  10806.8759   4.0  1  1
		163  161  3021.54  10797.0309   10797.019   6.0  1  1
		163  161  3218.91   10788.863  10788.8649   6.0  1  1
		163  161  3379.30  10782.0559  10782.0488   6.0  1  1
		163  161  3428.40  10779.9444  10779.9322   6.0  1  1
		163  161  3512.02  10776.3205  10776.3202   4.0  1  1
		163  161  3580.24  10773.3415  10773.3341   4.0  1  1
		163  161  3835.08  10762.0973  10762.0931   4.0  1  1
		164  162   657.72  10809.9733   10809.974   6.0  1  1
		164  162   775.83  10806.8729  10806.8759   6.0  1  1
		164  162  1131.09  10797.0111   10797.019   6.0  1  1
		164  162  1389.08   10789.325  10789.3195   6.0  1  1
		164  162  1404.07  10788.8651  10788.8649   6.0  1  1
		164  162  1620.84  10782.0488  10782.0488   6.0  1  1
		164  162  1686.33   10779.931  10779.9322   6.0  1  1
		164  162  1796.15  10776.3194  10776.3202   4.0  1  1
		164  162  1824.03  10775.3907  10775.3854   6.0  1  1
		164  162  1885.17  10773.3379  10773.3341   4.0  1  1
		164  162  2208.92  10762.0977  10762.0931   4.0  1  1
		164  162  2342.59  10757.2781  10757.2758   6.0  1  1
		164  162  2393.48  10755.4157  10755.4159   6.0  1  1
		164  162  2610.31  10747.3097  10747.3096   6.0  1  1
		164  162  2677.21  10744.7521  10744.7564   6.0  1  1
		164  162  2880.80  10736.8014  10736.7957   4.0  1  1
		164  162  3053.39  10729.8613  10729.8649   4.0  1  1
		164  162  3126.65  10726.8598  10726.8615   4.0  1  1
		164  162  3167.69  10725.1641  10725.1681   4.0  1  1
		164  162  3391.87  10715.7279  10715.7231   4.0  1  1
		164  162  3664.51  10703.9153  10703.9181   4.0  1  1
		165  163   945.23  10736.8022  10736.7957   6.0  1  1
		165  163  1003.97  10735.1728  10735.1836   6.0  1  1
		165  163  1189.92  10729.8648  10729.8649   4.0  1  1
		165  163  1241.33  10728.3569  10728.3566   4.0  1  1
		165  163  1291.72  10726.8619  10726.8615   4.0  1  1
		165  163  1348.18   10725.167  10725.1681   4.0  1  1
		165  163  1650.95   10715.726  10715.7231   4.0  1  1
		165  163  1928.41   10706.572  10706.5779   6.0  1  1
		165  163  2006.43  10703.9147  10703.9181   4.0  1  1
		165  163  2498.72  10686.3292  10686.3317   4.0  1  1
		165  163  2542.50  10684.6969  10684.6995   4.0  1  1
		165  163  2633.09  10681.2831  10681.2889   6.0  1  1
		165  163  2758.27  10676.4853  10676.4898   4.0  1  1
		165  163  2887.85  10671.4185  10671.4146   6.0  1  1
		165  163  2995.04  10667.1494  10667.1537   4.0  1  1
		165  163  3422.86  10649.4232  10649.4321   6.0  1  1
		165  163  3617.63  10641.0355   10641.037   6.0  1  1
		166  164   392.82  10686.3292  10686.3317   4.0  1  1
		166  164   459.82  10684.6953  10684.6995   4.0  1  1
		166  164   596.16  10681.3003  10681.2889   6.0  1  1
		166  164   782.68  10676.4868  10676.4898   4.0  1  1
		166  164   970.71   10671.418  10671.4146   6.0  1  1
		166  164  1122.67  10667.1545  10667.1537   4.0  1  1
		166  164  1704.88   10649.428  10649.4321   6.0  1  1
		166  164  1958.82  10641.0329   10641.037   6.0  1  1
		166  164  2071.28  10637.1928  10637.1955   6.0  1  1
		166  164  2198.83  10632.7488  10632.7526   6.0  1  1
		166  164  2402.70  10625.4506  10625.4541   6.0  1  1
		166  164  2606.62   10617.909  10617.9109   6.0  1  1
		166  164  2649.65  10616.2864   10616.291   6.0  1  1
		166  164  2739.64   10612.857  10612.8596   6.0  1  1
		166  164  2855.81   10608.358  10608.3652   6.0  1  1
		166  164  3309.95  10589.9855  10589.9979   6.0  1  1
		166  164  3818.08  10568.1866   10568.199   4.0  1  1
		166  164  3866.11  10566.0945  10566.0791   6.0  1  1
		166  164  4021.80  10559.3411  10559.3421   6.0  1  1
		167  165   572.87  10617.9233  10617.9109   6.0  1  1
		167  165   637.79  10616.2886   10616.291   6.0  1  1
		167  165  1567.72  10589.9914  10589.9979   6.0  1  1
		167  165  2223.51  10568.1953   10568.199   4.0  1  1
		167  165  2283.46  10566.0776  10566.0791   6.0  1  1
		167  165  2470.47  10559.3387  10559.3421   6.0  1  1
		167  165  2514.45  10557.7247  10557.7281   6.0  1  1
		167  165  2540.10  10556.7778  10556.7746   6.0  1  1
		167  165  2768.60  10548.1744  10548.1812   6.0  1  1
		167  165  2880.76  10543.8369  10543.8421   6.0  1  1
		167  165  3072.13  10536.2609  10536.2691   6.0  1  1
		167  165  3172.09  10532.2158   10532.212   4.0  1  1
		167  165  3209.98  10530.6669  10530.6705   6.0  1  1
		167  165  3257.31  10528.7207  10528.7222   6.0  1  1
		167  165  3409.27  10522.3881   10522.393   6.0  1  1
		167  165  3440.82   10521.058  10521.0667   6.0  1  1
		167  165  3581.35  10515.0798  10515.0846   6.0  1  1
		167  165  3713.88  10509.3764  10509.3808   4.0  1  1
		167  165  3899.02  10501.3625  10501.3683   6.0  1  1
		168  166   383.09  10559.3425  10559.3421   6.0  1  1
		168  166   450.09  10557.7308  10557.7281   6.0  1  1
		168  166   989.80  10543.8418  10543.8421   6.0  1  1
		168  166  1136.33  10539.7606  10539.7504   6.0  1  1
		168  166  1257.93  10536.2685  10536.2691   6.0  1  1
		168  166  1394.97  10532.2185   10532.212   4.0  1  1
		168  166  1446.25  10530.6721  10530.6705   6.0  1  1
		168  166  1510.17  10528.7212  10528.7222   4.0  1  1
		168  166  1712.09  10522.3915   10522.393   4.0  1  1
		168  166  1753.38  10521.0663  10521.0667   6.0  1  1
		168  166  1935.96  10515.0852  10515.0846   4.0  1  1
		168  166  2104.79  10509.3809  10509.3808   4.0  1  1
		168  166  2217.93  10505.4665  10505.4666   4.0  1  1
		168  166  2334.18  10501.3684  10501.3683   4.0  1  1
		168  166  2414.73  10498.4836  10498.4792   6.0  1  1
		168  166  2436.01   10497.715  10497.7153   4.0  1  1
		168  166  2507.02  10495.1322  10495.1323   6.0  1  1
		168  166  2637.88  10490.2957  10490.2983   6.0  1  1
		168  166  2745.55  10486.2412  10486.2378   4.0  1  1
		168  166  2884.57  10480.9041  10480.9049   4.0  1  1
		168  166  3087.10  10472.9208  10472.9222   4.0  1  1
		168  166  3158.48  10470.0487  10470.0489   4.0  1  1
		168  166  3340.62  10462.5865  10462.5866   4.0  1  1
		168  166  3561.38  10453.3108  10453.3054   4.0  1  1
		169  167  1009.48  10480.9057  10480.9049   4.0  1  1
		169  167  1291.98  10472.9226  10472.9222   4.0  1  1
		169  167  1389.38  10470.0517  10470.0489   4.0  1  1
		169  167  1633.65  10462.5891  10462.5866   4.0  1  1
		169  167  1922.06  10453.3103  10453.3054   4.0  1  1
		169  167  2215.43  10443.3739  10443.3703   4.0  1  1
		169  167  2244.30  10442.3697  10442.3661   6.0  1  1
		169  167  2319.67  10439.7251  10439.7237   6.0  1  1
		169  167  2369.63  10437.9546  10437.9539   6.0  1  1
		169  167  2520.24  10432.5305   10432.528   4.0  1  1
		169  167  2791.34  10422.4366       INDEF   4.0  1  1
		169  167  2962.44  10415.8425  10415.8448   6.0  1  1
		170  168   491.44   10432.518   10432.528   6.0  1  1
		170  168   890.46  10422.4353  10422.4336   6.0  1  1
		170  168  1132.52  10415.8474  10415.8448   6.0  1  1
		170  168  1474.79  10405.8978  10405.9024   6.0  1  1
		170  168  2486.32  10372.3708  10372.3674   6.0  1  1
		170  168  2744.95   10362.857  10362.8404   6.0  1  1
		170  168  2794.00  10361.0087  10361.0062   6.0  1  1
		170  168  2997.75  10353.1793  10353.1678   6.0  1  1
		170  168  3030.75  10351.8878  10351.8842   4.0  1  1
		170  168  3094.47  10349.3764   10349.372   6.0  1  1
		170  168  3434.86  10335.5691  10335.5558   4.0  1  1
		171  169   908.22  10361.0058  10361.0062   6.0  1  1
		171  169  1240.38  10351.8852  10351.8842   4.0  1  1
		171  169  1781.11  10335.5633  10335.5558   4.0  1  1
		171  169  2479.13  10311.9551  10311.9479   4.0  1  1
		171  169  2495.37  10311.3729  10311.3693   6.0  1  1
		171  169  2697.82  10303.9914  10303.9896   6.0  1  1
		171  169  2913.56  10295.8634  10295.8698   4.0  1  1
		171  169  3018.37  10291.8162  10291.8111   4.0  1  1
		171  169  3167.76  10285.9361   10285.934   4.0  1  1
		171  169  3532.10  10271.0827  10271.0735   4.0  1  1
		171  169  3791.66  10260.1707    10260.18   4.0  1  1
		171  169  3870.41  10256.8394  10256.8369   4.0  1  1
		172  170   459.52  10311.9497  10311.9479   4.0  1  1
		172  170   783.76  10303.9769  10303.9896   6.0  1  1
		172  170  1090.44  10295.8646  10295.8698   4.0  1  1
		172  170  1236.36  10291.7994  10291.8111   6.0  1  1
		172  170  1438.97  10285.9339   10285.934   4.0  1  1
		172  170  1799.47  10274.8763  10274.8728   6.0  1  1
		172  170  1827.02  10273.9997  10274.0032   6.0  1  1
		172  170  1917.72  10271.0819  10271.0735   4.0  1  1
		172  170  2221.21  10260.9786  10260.9782   6.0  1  1
		172  170  2244.58  10260.1793    10260.18   4.0  1  1
		172  170  2296.72  10258.3848  10258.3908   4.0  1  1
		172  170  2341.35  10256.8366  10256.8369   4.0  1  1
		172  170  2436.75  10253.4901  10253.4884   6.0  1  1
		172  170  2524.66  10250.3609  10250.3651   4.0  1  1
		172  170  2838.52  10238.8305  10238.8331   4.0  1  1
		172  170  3159.32  10226.4542  10226.4605   6.0  1  1
		172  170  3226.27  10223.7966   10223.797   4.0  1  1
		172  170  3290.34  10221.2296  10221.2329   6.0  1  1
		172  170  3460.17  10214.3224  10214.3319   6.0  1  1
		173  171   542.36    10250.36  10250.3651   4.0  1  1
		173  171   997.77  10238.8341  10238.8331   4.0  1  1
		173  171  1439.07  10226.4595  10226.4605   6.0  1  1
		173  171  1528.69  10223.7995   10223.797   6.0  1  1
		173  171  1613.71   10221.231  10221.2329   6.0  1  1
		173  171  1835.56  10214.3266  10214.3319   6.0  1  1
		173  171  2521.56  10191.2071  10191.2078   6.0  1  1
		173  171  2629.69  10187.3233  10187.3305   6.0  1  1
		173  171  2737.58  10183.3818  10183.3832   6.0  1  1
		173  171  2793.73  10181.3042  10181.3088   4.0  1  1
		173  171  2887.52  10177.7934  10177.7965   4.0  1  1
		173  171  3189.02  10166.1624   10166.165   4.0  1  1
		173  171  3659.73   10147.044   10147.045   4.0  1  1
		173  171  3728.43  10144.1833  10144.1765   4.0  1  1
		174  172   866.78  10183.3957  10183.3832   6.0  1  1
		174  172   947.14   10181.309  10181.3088   4.0  1  1
		174  172  1079.16  10177.7955  10177.7965   4.0  1  1
		174  172  1490.31  10166.1652   10166.165   4.0  1  1
		174  172  2100.53   10147.041   10147.045   4.0  1  1
		174  172  2186.61  10144.1731  10144.1765   4.0  1  1
		174  172  2215.37  10143.2056  10143.2103   6.0  1  1
		174  172  2305.02  10140.1613  10140.1646   6.0  1  1
		174  172  2415.75  10136.3395  10136.3434   4.0  1  1
		174  172  2614.22  10129.3198  10129.3258   6.0  1  1
		174  172  2848.05   10120.765  10120.7629   6.0  1  1
		174  172  3017.63  10114.3648  10114.3659   4.0  1  1
		174  172  3582.71   10091.899  10091.9003   4.0  1  1
		174  172  3711.99  10086.5642  10086.5493   4.0  1  1
		175  173    54.17  10144.1763  10144.1765   6.0  1  1
		175  173   406.96  10136.3474  10136.3434   4.0  1  1
		175  173  1036.74  10120.7537  10120.7629   6.0  1  1
		175  173  1270.53  10114.3666  10114.3659   4.0  1  1
		175  173  1581.56  10105.3517  10105.3442   6.0  1  1
		175  173  2013.03  10091.9007  10091.9003   4.0  1  1
		175  173  2096.74  10089.1691  10089.1684   6.0  1  1
		175  173  2175.94  10086.5489  10086.5493   4.0  1  1
		175  173  2203.14  10085.6411  10085.6428   4.0  1  1
		175  173  2252.28  10083.9906  10083.9863   6.0  1  1
		175  173  2302.25   10082.299  10082.3034   6.0  1  1
		175  173  2320.91  10081.6636  10081.6685   6.0  1  1
		175  173  2605.61  10071.7346  10071.7355   4.0  1  1
		175  173  2953.48  10058.9876  10058.9656   6.0  1  1
		175  173  2986.93  10057.7257  10057.7181   6.0  1  1
		175  173  3063.81  10054.8007  10054.7963   4.0  1  1
		175  173  3167.81  10050.7908  10050.7908   6.0  1  1
		175  173  3387.75   10042.116  10042.1157   4.0  1  1
		175  173  3627.64  10032.3947  10032.3914   4.0  1  1
		176  174   702.41  10071.7411  10071.7355   4.0  1  1
		176  174  1241.03   10057.701  10057.7181   6.0  1  1
		176  174  1344.56  10054.8013  10054.7963   4.0  1  1
		176  174  1484.16  10050.7882  10050.7908   6.0  1  1
		176  174  1576.85  10048.0593  10048.0663   6.0  1  1
		176  174  1772.97  10042.1182  10042.1157   4.0  1  1
		176  174  1845.62  10039.8612  10039.8706   6.0  1  1
		176  174  1968.51  10035.9755  10035.9713   6.0  1  1
		176  174  2079.39  10032.3971  10032.3914   4.0  1  1
		176  174  2615.68  10014.1423  10014.1395   6.0  1  1
		176  174  2956.99  10001.6975  10001.7006   6.0  1  1
		176  174  3091.56  9996.60969   9996.6026   4.0  1  1
		176  174  3123.57  9995.38437   9995.3872   6.0  1  1
		176  174  3252.91   9990.3758   9990.3729   4.0  1  1
		176  174  3318.80  9987.78969   9987.7871   4.0  1  1
		176  174  3577.69  9977.42821   9977.4234   6.0  1  1
		176  174  3681.57  9973.19923   9973.1955   6.0  1  1
		176  174  3765.15  9969.77959    9969.779   6.0  1  1
		177  175  1210.21  10001.7056  10001.7006   6.0  1  1
		177  175  1392.84  9996.61064   9996.6026   4.0  1  1
		177  175  1607.18  9990.37581   9990.3729   4.0  1  1
		177  175  1693.42   9987.7909   9987.7871   4.0  1  1
		177  175  2026.02  9977.42485   9977.4234   4.0  1  1
		177  175  2156.30   9973.1973   9973.1955   4.0  1  1
		177  175  2259.68  9969.77708    9969.779   4.0  1  1
		177  175  2365.30  9966.22317   9966.2223   4.0  1  1
		177  175  2523.42   9960.7902   9960.7846   6.0  1  1
		177  175  2684.95  9955.09913   9955.0986   6.0  1  1
		177  175  2699.57    9954.577   9954.5763   4.0  1  1
		177  175  2774.55  9951.88035   9951.8804   4.0  1  1
		177  175  2940.70  9945.79268   9945.7901   4.0  1  1
		177  175  3053.36  9941.57633    9941.561   6.0  1  1
		177  175  3150.01   9937.9025   9937.9226   6.0  1  1
		177  175  3352.88  9930.02648   9930.0464   6.0  1  1
		177  175  3632.17  9918.86695    9918.878   6.0  1  1
		178  176   842.07  9955.09956   9955.0986   6.0  1  1
		178  176   862.90  9954.57751   9954.5763   4.0  1  1
		178  176   969.12  9951.87666   9951.8804   4.0  1  1
		178  176  1199.39  9945.79129   9945.7901   4.0  1  1
		178  176  1352.25  9941.57565    9941.561   6.0  1  1
		178  176  1656.99  9932.75526   9932.7656   6.0  1  1
		178  176  1746.78  9930.05299   9930.0464   6.0  1  1
		178  176  2103.43   9918.8731    9918.878   6.0  1  1
		178  176  2257.43  9913.83115   9913.8299   4.0  1  1
		178  176  2288.69  9912.79216   9912.7921   6.0  1  1
		178  176  2366.37  9910.18747    9910.188   6.0  1  1
		178  176  2398.23  9909.10996   9909.1074   4.0  1  1
		178  176  2413.16  9908.60311   9908.6024   4.0  1  1
		178  176  2516.19  9905.07276   9905.0717   4.0  1  1
		178  176  2630.75  9901.08005   9901.0661   6.0  1  1
		178  176  2696.25  9898.76501   9898.7609   4.0  1  1
		178  176  3294.63  9876.51634    9876.522   6.0  1  1
		178  176  3445.58  9870.60176   9870.5958   6.0  1  1
		178  176  3748.84  9858.45219   9858.4441   4.0  1  1
		178  176  3790.91  9856.75075    9856.766   4.0  1  1
		179  177   435.22  9909.11783   9909.1074   4.0  1  1
		179  177   457.86  9908.60352   9908.6024   4.0  1  1
		179  177   610.02  9905.07875   9905.0717   6.0  1  1
		179  177   869.95  9898.76773   9898.7609   4.0  1  1
		179  177  1681.36  9876.52509    9876.522   4.0  1  1
		179  177  1741.90  9874.71039   9874.7016   6.0  1  1
		179  177  1843.38  9871.62241   9871.6258   4.0  1  1
		179  177  1876.31  9870.60796   9870.5958   4.0  1  1
		179  177  1982.18  9867.30594   9867.3027   6.0  1  1
		179  177  2257.33  9858.44023   9858.4441   4.0  1  1
		179  177  2308.07  9856.76112    9856.766   4.0  1  1
		179  177  2445.18  9852.15534   9852.1601   4.0  1  1
		179  177  2901.09  9836.11309  9836.11902   4.0  1  1
		179  177  3089.84  9829.13722  9829.14356   4.0  1  1
		179  177  3281.32  9821.86173   9821.8694   4.0  1  1
		179  177  3403.78   9817.1098   9817.1106   6.0  1  1
		179  177  3447.79  9815.38488   9815.3879   4.0  1  1
		179  177  3674.57  9806.37945   9806.3821   4.0  1  1
		179  177  3861.28  9798.88305  9798.88603   4.0  1  1
		180  178   313.02  9856.76026    9856.766   4.0  1  1
		180  178   518.50  9852.15007   9852.1601   4.0  1  1
		180  178  1166.83  9836.11286  9836.11902   4.0  1  1
		180  178  1421.60   9829.1412  9829.14356   4.0  1  1
		180  178  1888.44  9815.38526   9815.3879   4.0  1  1
		180  178  2173.93   9806.3764   9806.3821   4.0  1  1
		180  178  2401.61  9798.88056  9798.88603   4.0  1  1
		180  178  2741.51  9787.17861  9787.18601   4.0  1  1
		180  178  3043.75  9776.24785   9776.2468   4.0  1  1
		180  178  3436.44  9761.31458    9761.312   4.0  1  1
		180  178  3500.01  9758.82756   9758.8194   4.0  1  1
		180  178  3744.39  9749.14343  9749.13518   4.0  1  1
		181  179   465.94  9798.88717  9798.88603   4.0  1  1
		181  179   956.67  9787.17882  9787.18601   4.0  1  1
		181  179  1370.25  9776.24608   9776.2468   4.0  1  1
		181  179  1513.84  9772.21535   9772.2128   4.0  1  1
		181  179  1882.96  9761.31188    9761.312   4.0  1  1
		181  179  1929.19  9759.89284   9759.8948   4.0  1  1
		181  179  1963.98  9758.81729   9758.8194   4.0  1  1
		181  179  2045.63  9756.26743   9756.2665   4.0  1  1
		181  179  2268.40  9749.13015  9749.13518   4.0  1  1
		181  179  2503.98  9741.29865   9741.2929   4.0  1  1
		181  179  2574.80  9738.88732   9738.8807   4.0  1  1
		181  179  3073.09  9721.16166    9721.157   4.0  1  1
		181  179  3543.78  9703.22409  9703.22299   4.0  1  1
		182  180   278.51  9749.13629  9749.13518   4.0  1  1
		182  180  2027.28  9703.22494  9703.22299   4.0  1  1
		182  180  2202.34  9697.68843    9697.689   4.0  1  1
		182  180  2803.90  9677.44071   9677.4442   4.0  1  1
		182  180  3084.29  9667.34784  9667.34842   4.0  1  1
		182  180  3270.02  9660.43282  9660.43489   4.0  1  1
		183  181  1443.37   9667.3504  9667.34842   4.0  1  1
		183  181  2162.21  9645.96563    9645.964   4.0  1  1
		183  181  2490.46  9635.28485  9635.28533   4.0  1  1
		183  181  2581.94  9632.20876  9632.20992   4.0  1  1
		183  181  2709.94  9627.83147   9627.8381   4.0  1  1
		183  181  2830.15  9623.64224    9623.634   4.0  1  1
		183  181  3035.05  9616.32539   9616.3278   4.0  1  1
		183  181  3352.34  9604.56466   9604.5654   4.0  1  1
		184  182   632.57  9635.28733  9635.28533   4.0  1  1
		184  182   764.19  9632.20969  9632.20992   4.0  1  1
		184  182  1111.35  9623.63363    9623.634   4.0  1  1
		184  182  1387.36  9616.32776   9616.3278   4.0  1  1
		184  182  1801.10   9604.5667   9604.5654   4.0  1  1
		184  182  2284.41  9589.64938   9589.6567   4.0  1  1
		184  182  2413.87   9585.4467   9585.4414   4.0  1  1
		184  182  2578.51  9579.97744   9579.9731   4.0  1  1
		184  182  3040.81  9563.86905  9563.86735   4.0  1  1
	offset	-2
	niterate 0
	lowreject 3.
	highreject 3.
	coefficients	48
		1.
		8.
		5.
		1.
		1.
		4095.000000000001
		157.
		182.
		1744235.31076336
		-11438.44459093301
		-1000.037243634085
		31.0592916727333
		20.04128720206707
		6.598842281710611
		8.757398131650699
		2.648973669775183
		1480.590008562432
		-9.55677830911229
		6.139008049272625
		3.793335374403154
		-0.3612392929569185
		1.274605727261762
		-1.207446061137086
		0.7078556804187048
		-46.97385347963993
		33.10071043719552
		4.74794561397179
		3.755932838948166
		-0.8503162131139083
		1.213111091284535
		-0.7061946445848318
		0.196674684574286
		2.399400368159491
		-2.958700980454544
		1.087850580853466
		-1.136589618653319
		0.8016223297866114
		-0.7811606492049477
		0.28161324952947
		-0.1601816212693523
		-0.3475961574248187
		1.84255564963156
		-1.193971894144452
		1.154258119694845
		-1.122052817048009
		0.5665730503544301
		-0.6147601683278356
		0.02675152381816853

# Tue 16:48:22 10-Oct-2017
begin	ecidentify comparison_HIRESY_20170727nm_ecall
	id	comparison_HIRESY_20170727nm_ecall
	task	ecidentify
	image	comparison_HIRESY_20170727nm_ecall
	units	angstroms
	features	406
		159  157   948.57  11141.8658  11141.8677   6.0  1  1
		159  157  1118.16  11136.9302  11136.9262   4.0  1  1
		159  157  1302.78  11131.3361  11131.3349   4.0  1  1
		159  157  1390.85  11128.5865  11128.5866   4.0  1  1
		159  157  1438.95  11127.0629  11127.0649   6.0  1  1
		159  157  1601.30  11121.8078  11121.8085   4.0  1  1
		159  157  1739.66  11117.1946  11117.1977   4.0  1  1
		159  157  1963.00  11109.4943  11109.4924   4.0  1  1
		159  157  2093.79  11104.8429  11104.8435   4.0  1  1
		159  157  2293.82  11097.5294    11097.53   6.0  1  1
		159  157  2356.34  11095.1942  11095.1938   6.0  1  1
		159  157  2394.18  11093.7694  11093.7671   6.0  1  1
		159  157  2700.79  11081.9028  11081.9033   4.0  1  1
		159  157  2802.61  11077.8334   11077.838   4.0  1  1
		159  157  2829.18  11076.7607  11076.7632   6.0  1  1
		159  157  3230.07  11060.0365  11060.0363   4.0  1  1
		159  157  3276.97  11058.0154  11058.0137   4.0  1  1
		159  157  3348.21  11054.9212  11054.9215   4.0  1  1
		159  157  3477.33  11049.2447  11049.2449   4.0  1  1
		159  157  3698.89  11039.3421  11039.3397   6.0  1  1
		160  158   593.22  11081.9029  11081.9033   4.0  1  1
		160  158   746.16  11077.8401   11077.838   6.0  1  1
		160  158  1358.66  11060.0354  11060.0363   4.0  1  1
		160  158  1423.04  11058.0173  11058.0137   4.0  1  1
		160  158  1520.17  11054.9207  11054.9215   4.0  1  1
		160  158  1693.61  11049.2387  11049.2449   4.0  1  1
		160  158  1784.62  11046.1806   11046.171   4.0  1  1
		160  158  1926.63   11041.306  11041.3131   6.0  1  1
		160  158  1983.04  11039.3355  11039.3397   4.0  1  1
		160  158  2212.99  11031.1042  11031.1049   6.0  1  1
		160  158  2242.99   11030.007  11029.9953   6.0  1  1
		160  158  2334.87  11026.6132   11026.614   6.0  1  1
		160  158  2383.77  11024.7864  11024.7865   6.0  1  1
		160  158  2515.22  11019.8043   11019.803   6.0  1  1
		160  158  2895.33  11004.8015  11004.8066   6.0  1  1
		160  158  3173.99  10993.2282   10993.221   6.0  1  1
		160  158  3327.90  10986.6325  10986.6402   6.0  1  1
		160  158  3344.28  10985.9226   10985.917   6.0  1  1
		160  158  3796.08  10965.8801  10965.8863   6.0  1  1
		160  158  4067.77  10953.7286  10953.7273   6.0  1  1
		161  159  2451.74  10953.7264  10953.7273   4.0  1  1
		161  159  3137.27  10926.4322  10926.4365   6.0  1  1
		162  160   246.77  10953.7275  10953.7273   4.0  1  1
		162  160   363.97   10950.872  10950.8672   4.0  1  1
		162  160   587.80   10945.239  10945.2427   6.0  1  1
		162  160  1261.81  10926.4331  10926.4365   6.0  1  1
		162  160  2199.58  10895.3466  10895.3465   4.0  1  1
		162  160  2257.04  10893.2677  10893.2664   6.0  1  1
		162  160  2508.94  10883.9233  10883.9231   4.0  1  1
		162  160  2792.74  10872.9386  10872.9408   6.0  1  1
		162  160  2858.43  10870.3254  10870.3167   6.0  1  1
		162  160  2978.65  10865.4734  10865.4782   6.0  1  1
		162  160  3013.45   10864.052  10864.0532   6.0  1  1
		162  160  3196.98  10856.4318  10856.4308   6.0  1  1
		162  160  3409.14  10847.3742  10847.3746   6.0  1  1
		163  161   355.00  10883.9182  10883.9231   4.0  1  1
		163  161   784.69   10872.935  10872.9408   6.0  1  1
		163  161  1053.68  10865.4877  10865.4782   6.0  1  1
		163  161  1103.52  10864.0551  10864.0532   4.0  1  1
		163  161  1359.61  10856.4312  10856.4308   6.0  1  1
		163  161  1646.61  10847.3734  10847.3746   6.0  1  1
		163  161  2529.06  10816.3615  10816.3558   4.0  1  1
		163  161  2542.26  10815.8626    10815.86   4.0  1  1
		163  161  2558.67  10815.2409   10815.241   4.0  1  1
		163  161  2695.82  10809.9817   10809.974   4.0  1  1
		163  161  2775.49  10806.8741  10806.8759   4.0  1  1
		163  161  3021.54  10797.0291   10797.019   6.0  1  1
		163  161  3218.91  10788.8615  10788.8649   6.0  1  1
		163  161  3379.30  10782.0547  10782.0488   6.0  1  1
		163  161  3428.40  10779.9429  10779.9322   6.0  1  1
		163  161  3512.02  10776.3191  10776.3202   4.0  1  1
		163  161  3580.24  10773.3399  10773.3341   4.0  1  1
		163  161  3835.08  10762.0903  10762.0931   4.0  1  1
		164  162   657.72  10809.9731   10809.974   6.0  1  1
		164  162   775.83   10806.873  10806.8759   6.0  1  1
		164  162  1131.09  10797.0113   10797.019   6.0  1  1
		164  162  1389.08  10789.3252  10789.3195   6.0  1  1
		164  162  1404.07   10788.865  10788.8649   6.0  1  1
		164  162  1620.84  10782.0488  10782.0488   6.0  1  1
		164  162  1686.33  10779.9307  10779.9322   6.0  1  1
		164  162  1796.15  10776.3193  10776.3202   4.0  1  1
		164  162  1824.03  10775.3907  10775.3854   6.0  1  1
		164  162  1885.17  10773.3378  10773.3341   4.0  1  1
		164  162  2208.92  10762.0977  10762.0931   4.0  1  1
		164  162  2342.59  10757.2779  10757.2758   6.0  1  1
		164  162  2393.48  10755.4155  10755.4159   6.0  1  1
		164  162  2610.31  10747.3093  10747.3096   6.0  1  1
		164  162  2677.21  10744.7517  10744.7564   6.0  1  1
		164  162  2880.80  10736.8008  10736.7957   4.0  1  1
		164  162  3053.39  10729.8606  10729.8649   4.0  1  1
		164  162  3126.65  10726.8593  10726.8615   4.0  1  1
		164  162  3167.69  10725.1637  10725.1681   4.0  1  1
		164  162  3391.87  10715.7279  10715.7231   4.0  1  1
		164  162  3664.51  10703.9149  10703.9181   4.0  1  1
		165  163   945.23   10736.802  10736.7957   6.0  1  1
		165  163  1003.97  10735.1726  10735.1836   6.0  1  1
		165  163  1189.92  10729.8647  10729.8649   4.0  1  1
		165  163  1241.33  10728.3568  10728.3566   4.0  1  1
		165  163  1291.72  10726.8618  10726.8615   4.0  1  1
		165  163  1348.18  10725.1669  10725.1681   4.0  1  1
		165  163  1650.95  10715.7258  10715.7231   4.0  1  1
		165  163  1928.41  10706.5718  10706.5779   6.0  1  1
		165  163  2006.43  10703.9146  10703.9181   4.0  1  1
		165  163  2498.72  10686.3295  10686.3317   4.0  1  1
		165  163  2542.50  10684.6972  10684.6995   4.0  1  1
		165  163  2633.09  10681.2835  10681.2889   6.0  1  1
		165  163  2758.27  10676.4856  10676.4898   4.0  1  1
		165  163  2887.85  10671.4188  10671.4146   6.0  1  1
		165  163  2995.04  10667.1497  10667.1537   4.0  1  1
		165  163  3422.86  10649.4246  10649.4321   6.0  1  1
		165  163  3617.63  10641.0369   10641.037   6.0  1  1
		166  164   392.82  10686.3296  10686.3317   4.0  1  1
		166  164   459.82  10684.6952  10684.6995   4.0  1  1
		166  164   596.16  10681.2998  10681.2889   6.0  1  1
		166  164   782.68  10676.4862  10676.4898   4.0  1  1
		166  164   970.71  10671.4174  10671.4146   6.0  1  1
		166  164  1122.67  10667.1541  10667.1537   4.0  1  1
		166  164  1704.88  10649.4278  10649.4321   6.0  1  1
		166  164  1958.82  10641.0328   10641.037   6.0  1  1
		166  164  2071.28  10637.1929  10637.1955   6.0  1  1
		166  164  2198.83   10632.749  10632.7526   6.0  1  1
		166  164  2402.70  10625.4509  10625.4541   6.0  1  1
		166  164  2606.62  10617.9096  10617.9109   6.0  1  1
		166  164  2649.65   10616.287   10616.291   6.0  1  1
		166  164  2739.64  10612.8579  10612.8596   6.0  1  1
		166  164  2855.81  10608.3591  10608.3652   6.0  1  1
		166  164  3309.95  10589.9875  10589.9979   6.0  1  1
		166  164  3818.08  10568.1888   10568.199   4.0  1  1
		166  164  3866.11  10566.0964  10566.0791   6.0  1  1
		166  164  4021.80  10559.3411  10559.3421   6.0  1  1
		167  165   572.87   10617.923  10617.9109   6.0  1  1
		167  165   637.79  10616.2881   10616.291   6.0  1  1
		167  165  1567.72  10589.9911  10589.9979   6.0  1  1
		167  165  2223.51  10568.1955   10568.199   4.0  1  1
		167  165  2283.46  10566.0779  10566.0791   6.0  1  1
		167  165  2470.47  10559.3393  10559.3421   6.0  1  1
		167  165  2514.45  10557.7252  10557.7281   6.0  1  1
		167  165  2540.10  10556.7787  10556.7746   6.0  1  1
		167  165  2768.60  10548.1754  10548.1812   6.0  1  1
		167  165  2880.76  10543.8384  10543.8421   6.0  1  1
		167  165  3072.13  10536.2627  10536.2691   6.0  1  1
		167  165  3172.09  10532.2177   10532.212   4.0  1  1
		167  165  3209.98  10530.6691  10530.6705   6.0  1  1
		167  165  3257.31  10528.7228  10528.7222   6.0  1  1
		167  165  3409.27  10522.3903   10522.393   6.0  1  1
		167  165  3440.82  10521.0605  10521.0667   6.0  1  1
		167  165  3581.35  10515.0823  10515.0846   6.0  1  1
		167  165  3713.88  10509.3793  10509.3808   4.0  1  1
		167  165  3899.02  10501.3656  10501.3683   6.0  1  1
		168  166   383.09   10559.345  10559.3421   6.0  1  1
		168  166   450.09  10557.7322  10557.7281   6.0  1  1
		168  166   989.80   10543.841  10543.8421   6.0  1  1
		168  166  1136.33  10539.7601  10539.7504   6.0  1  1
		168  166  1257.93   10536.268  10536.2691   6.0  1  1
		168  166  1394.97  10532.2181   10532.212   4.0  1  1
		168  166  1446.25  10530.6718  10530.6705   6.0  1  1
		168  166  1510.17  10528.7209  10528.7222   4.0  1  1
		168  166  1712.09  10522.3913   10522.393   4.0  1  1
		168  166  1753.38  10521.0662  10521.0667   6.0  1  1
		168  166  1935.96  10515.0851  10515.0846   4.0  1  1
		168  166  2104.79   10509.381  10509.3808   4.0  1  1
		168  166  2217.93  10505.4667  10505.4666   4.0  1  1
		168  166  2334.18  10501.3687  10501.3683   4.0  1  1
		168  166  2414.73   10498.484  10498.4792   6.0  1  1
		168  166  2436.01  10497.7156  10497.7153   4.0  1  1
		168  166  2507.02  10495.1329  10495.1323   6.0  1  1
		168  166  2637.88  10490.2969  10490.2983   6.0  1  1
		168  166  2745.55  10486.2425  10486.2378   4.0  1  1
		168  166  2884.57  10480.9056  10480.9049   4.0  1  1
		168  166  3087.10  10472.9227  10472.9222   4.0  1  1
		168  166  3158.48  10470.0506  10470.0489   4.0  1  1
		168  166  3340.62  10462.5886  10462.5866   4.0  1  1
		168  166  3561.38  10453.3131  10453.3054   4.0  1  1
		169  167  1009.48  10480.9051  10480.9049   4.0  1  1
		169  167  1291.98  10472.9224  10472.9222   4.0  1  1
		169  167  1389.38  10470.0515  10470.0489   4.0  1  1
		169  167  1633.65   10462.589  10462.5866   4.0  1  1
		169  167  1922.06  10453.3102  10453.3054   4.0  1  1
		169  167  2215.43  10443.3741  10443.3703   4.0  1  1
		169  167  2244.30  10442.3697  10442.3661   6.0  1  1
		169  167  2319.67  10439.7255  10439.7237   6.0  1  1
		169  167  2369.63  10437.9549  10437.9539   6.0  1  1
		169  167  2520.24  10432.5312   10432.528   4.0  1  1
		169  167  2791.34  10422.4377       INDEF   4.0  1  1
		169  167  2962.44   10415.844  10415.8448   6.0  1  1
		170  168   491.44  10432.5185   10432.528   6.0  1  1
		170  168   890.46  10422.4349  10422.4336   6.0  1  1
		170  168  1132.52  10415.8474  10415.8448   6.0  1  1
		170  168  1474.79  10405.8978  10405.9024   6.0  1  1
		170  168  2486.32  10372.3713  10372.3674   6.0  1  1
		170  168  2744.95  10362.8576  10362.8404   6.0  1  1
		170  168  2794.00  10361.0094  10361.0062   6.0  1  1
		170  168  2997.75  10353.1799  10353.1678   6.0  1  1
		170  168  3030.75  10351.8886  10351.8842   4.0  1  1
		170  168  3094.47  10349.3771   10349.372   6.0  1  1
		170  168  3434.86  10335.5697  10335.5558   4.0  1  1
		171  169   908.22  10361.0057  10361.0062   6.0  1  1
		171  169  1240.38  10351.8855  10351.8842   4.0  1  1
		171  169  1781.11  10335.5634  10335.5558   4.0  1  1
		171  169  2479.13  10311.9552  10311.9479   4.0  1  1
		171  169  2495.37  10311.3732  10311.3693   6.0  1  1
		171  169  2697.82  10303.9913  10303.9896   6.0  1  1
		171  169  2913.56  10295.8635  10295.8698   4.0  1  1
		171  169  3018.37  10291.8161  10291.8111   4.0  1  1
		171  169  3167.76  10285.9359   10285.934   4.0  1  1
		171  169  3532.10  10271.0819  10271.0735   4.0  1  1
		171  169  3791.66  10260.1692    10260.18   4.0  1  1
		171  169  3870.41  10256.8375  10256.8369   4.0  1  1
		172  170   459.52  10311.9491  10311.9479   4.0  1  1
		172  170   783.76  10303.9769  10303.9896   6.0  1  1
		172  170  1090.44  10295.8651  10295.8698   4.0  1  1
		172  170  1236.36  10291.7999  10291.8111   6.0  1  1
		172  170  1438.97  10285.9342   10285.934   4.0  1  1
		172  170  1799.47  10274.8764  10274.8728   6.0  1  1
		172  170  1827.02  10273.9996  10274.0032   6.0  1  1
		172  170  1917.72  10271.0819  10271.0735   4.0  1  1
		172  170  2221.21  10260.9787  10260.9782   6.0  1  1
		172  170  2244.58  10260.1793    10260.18   4.0  1  1
		172  170  2296.72  10258.3847  10258.3908   4.0  1  1
		172  170  2341.35  10256.8366  10256.8369   4.0  1  1
		172  170  2436.75  10253.4899  10253.4884   6.0  1  1
		172  170  2524.66  10250.3608  10250.3651   4.0  1  1
		172  170  2838.52  10238.8299  10238.8331   4.0  1  1
		172  170  3159.32  10226.4531  10226.4605   6.0  1  1
		172  170  3226.27  10223.7952   10223.797   4.0  1  1
		172  170  3290.34  10221.2283  10221.2329   6.0  1  1
		172  170  3460.17  10214.3206  10214.3319   6.0  1  1
		173  171   542.36  10250.3591  10250.3651   4.0  1  1
		173  171   997.77  10238.8349  10238.8331   4.0  1  1
		173  171  1439.07    10226.46  10226.4605   6.0  1  1
		173  171  1528.69  10223.7998   10223.797   6.0  1  1
		173  171  1613.71  10221.2311  10221.2329   6.0  1  1
		173  171  1835.56  10214.3266  10214.3319   6.0  1  1
		173  171  2521.56  10191.2067  10191.2078   6.0  1  1
		173  171  2629.69  10187.3225  10187.3305   6.0  1  1
		173  171  2737.58  10183.3809  10183.3832   6.0  1  1
		173  171  2793.73  10181.3031  10181.3088   4.0  1  1
		173  171  2887.52   10177.792  10177.7965   4.0  1  1
		173  171  3189.02  10166.1601   10166.165   4.0  1  1
		173  171  3659.73  10147.0413   10147.045   4.0  1  1
		173  171  3728.43  10144.1805  10144.1765   4.0  1  1
		174  172   866.78  10183.3964  10183.3832   6.0  1  1
		174  172   947.14  10181.3099  10181.3088   4.0  1  1
		174  172  1079.16  10177.7965  10177.7965   4.0  1  1
		174  172  1490.31  10166.1655   10166.165   4.0  1  1
		174  172  2100.53  10147.0409   10147.045   4.0  1  1
		174  172  2186.61   10144.173  10144.1765   4.0  1  1
		174  172  2215.37  10143.2057  10143.2103   6.0  1  1
		174  172  2305.02   10140.161  10140.1646   6.0  1  1
		174  172  2415.75  10136.3393  10136.3434   4.0  1  1
		174  172  2614.22   10129.319  10129.3258   6.0  1  1
		174  172  2848.05  10120.7632  10120.7629   6.0  1  1
		174  172  3017.63  10114.3623  10114.3659   4.0  1  1
		174  172  3582.71  10091.8961  10091.9003   4.0  1  1
		174  172  3711.99  10086.5617  10086.5493   4.0  1  1
		175  173    54.17  10144.1763  10144.1765   6.0  1  1
		175  173   406.96  10136.3445  10136.3434   4.0  1  1
		175  173  1036.74  10120.7547  10120.7629   6.0  1  1
		175  173  1270.53  10114.3673  10114.3659   4.0  1  1
		175  173  1581.56  10105.3515  10105.3442   6.0  1  1
		175  173  2013.03  10091.9005  10091.9003   4.0  1  1
		175  173  2096.74  10089.1689  10089.1684   6.0  1  1
		175  173  2175.94  10086.5488  10086.5493   4.0  1  1
		175  173  2203.14   10085.641  10085.6428   4.0  1  1
		175  173  2252.28  10083.9907  10083.9863   6.0  1  1
		175  173  2302.25  10082.2989  10082.3034   6.0  1  1
		175  173  2320.91  10081.6636  10081.6685   6.0  1  1
		175  173  2605.61  10071.7338  10071.7355   4.0  1  1
		175  173  2953.48  10058.9849  10058.9656   6.0  1  1
		175  173  2986.93  10057.7227  10057.7181   6.0  1  1
		175  173  3063.81  10054.7975  10054.7963   4.0  1  1
		175  173  3167.81  10050.7872  10050.7908   6.0  1  1
		175  173  3387.75  10042.1124  10042.1157   4.0  1  1
		175  173  3627.64  10032.3925  10032.3914   4.0  1  1
		176  174   702.41  10071.7408  10071.7355   4.0  1  1
		176  174  1241.03  10057.7016  10057.7181   6.0  1  1
		176  174  1344.56  10054.8015  10054.7963   4.0  1  1
		176  174  1484.16  10050.7881  10050.7908   6.0  1  1
		176  174  1576.85  10048.0588  10048.0663   6.0  1  1
		176  174  1772.97  10042.1178  10042.1157   4.0  1  1
		176  174  1845.62  10039.8607  10039.8706   6.0  1  1
		176  174  1968.51  10035.9751  10035.9713   6.0  1  1
		176  174  2079.39   10032.397  10032.3914   4.0  1  1
		176  174  2615.68  10014.1415  10014.1395   6.0  1  1
		176  174  2956.99  10001.6948  10001.7006   6.0  1  1
		176  174  3091.56  9996.60635   9996.6026   4.0  1  1
		176  174  3123.57  9995.38096   9995.3872   6.0  1  1
		176  174  3252.91  9990.37212   9990.3729   4.0  1  1
		176  174  3318.80   9987.7861   9987.7871   4.0  1  1
		176  174  3577.69  9977.42635   9977.4234   6.0  1  1
		176  174  3681.57  9973.19887   9973.1955   6.0  1  1
		176  174  3765.15  9969.78019    9969.779   6.0  1  1
		177  175  1210.21  10001.7058  10001.7006   6.0  1  1
		177  175  1392.84  9996.61031   9996.6026   4.0  1  1
		177  175  1607.18  9990.37506   9990.3729   4.0  1  1
		177  175  1693.42  9987.79012   9987.7871   4.0  1  1
		177  175  2026.02  9977.42461   9977.4234   4.0  1  1
		177  175  2156.30  9973.19734   9973.1955   4.0  1  1
		177  175  2259.68  9969.77728    9969.779   4.0  1  1
		177  175  2365.30   9966.2234   9966.2223   4.0  1  1
		177  175  2523.42  9960.79005   9960.7846   6.0  1  1
		177  175  2684.95  9955.09846   9955.0986   6.0  1  1
		177  175  2699.57  9954.57621   9954.5763   4.0  1  1
		177  175  2774.55  9951.87914   9951.8804   4.0  1  1
		177  175  2940.70  9945.79044   9945.7901   4.0  1  1
		177  175  3053.36  9941.57359    9941.561   6.0  1  1
		177  175  3632.17  9918.86759    9918.878   6.0  1  1
		178  176   842.07  9955.09922   9955.0986   6.0  1  1
		178  176   862.90  9954.57736   9954.5763   4.0  1  1
		178  176   969.12   9951.8767   9951.8804   4.0  1  1
		178  176  1199.39  9945.79099   9945.7901   4.0  1  1
		178  176  1352.25  9941.57477    9941.561   6.0  1  1
		178  176  1656.99  9932.75414   9932.7656   6.0  1  1
		178  176  1746.78  9930.05205   9930.0464   6.0  1  1
		178  176  2103.43  9918.87321    9918.878   6.0  1  1
		178  176  2257.43  9913.83157   9913.8299   4.0  1  1
		178  176  2288.69   9912.7926   9912.7921   6.0  1  1
		178  176  2366.37   9910.1881    9910.188   6.0  1  1
		178  176  2398.23   9909.1105   9909.1074   4.0  1  1
		178  176  2413.16  9908.60365   9908.6024   4.0  1  1
		178  176  2516.19  9905.07315   9905.0717   4.0  1  1
		178  176  2630.75  9901.08002   9901.0661   6.0  1  1
		178  176  2696.25  9898.76472   9898.7609   4.0  1  1
		178  176  3294.63  9876.51419    9876.522   6.0  1  1
		178  176  3445.58  9870.60103   9870.5958   6.0  1  1
		178  176  3748.84  9858.45558   9858.4441   4.0  1  1
		178  176  3790.91   9856.7545    9856.766   4.0  1  1
		179  177   435.22  9909.11679   9909.1074   4.0  1  1
		179  177   457.86  9908.60226   9908.6024   4.0  1  1
		179  177   610.02  9905.07713   9905.0717   6.0  1  1
		179  177   869.95  9898.76709   9898.7609   4.0  1  1
		179  177  1681.36  9876.52353    9876.522   4.0  1  1
		179  177  1741.90   9874.7091   9874.7016   6.0  1  1
		179  177  1843.38  9871.62133   9871.6258   4.0  1  1
		179  177  1876.31  9870.60702   9870.5958   4.0  1  1
		179  177  1982.18   9867.3055   9867.3027   6.0  1  1
		179  177  2257.33  9858.44092   9858.4441   4.0  1  1
		179  177  2308.07  9856.76193    9856.766   4.0  1  1
		179  177  2445.18  9852.15626   9852.1601   4.0  1  1
		179  177  2901.09  9836.11239  9836.11902   4.0  1  1
		179  177  3089.84  9829.13601  9829.14356   4.0  1  1
		179  177  3281.32  9821.86105   9821.8694   4.0  1  1
		179  177  3403.78  9817.11015   9817.1106   6.0  1  1
		179  177  3447.79  9815.38565   9815.3879   4.0  1  1
		179  177  3674.57  9806.38214   9806.3821   4.0  1  1
		179  177  3861.28  9798.88294  9798.88603   4.0  1  1
		180  178   313.02  9856.76323    9856.766   4.0  1  1
		180  178   518.50  9852.14854   9852.1601   4.0  1  1
		180  178  1166.83  9836.11143  9836.11902   4.0  1  1
		180  178  1421.60  9829.13907  9829.14356   4.0  1  1
		180  178  1673.60  9821.86802   9821.8694   6.0  1  1
		180  178  1832.11  9817.10925   9817.1106   6.0  1  1
		180  178  1888.44  9815.38427   9815.3879   4.0  1  1
		180  178  2173.93  9806.37704   9806.3821   4.0  1  1
		180  178  2401.61  9798.88183  9798.88603   4.0  1  1
		180  178  2598.12  9792.19142   9792.1955   6.0  1  1
		180  178  2741.51  9787.17915  9787.18601   4.0  1  1
		180  178  2781.27  9785.76951   9785.7642   6.0  1  1
		180  178  3043.75  9776.24768   9776.2468   4.0  1  1
		180  178  3281.81   9767.2895   9767.2828   6.0  1  1
		180  178  3436.44  9761.31664    9761.312   4.0  1  1
		180  178  3500.01  9758.82992   9758.8194   4.0  1  1
		180  178  3744.39   9749.1415  9749.13518   4.0  1  1
		181  179   465.94  9798.88566  9798.88603   4.0  1  1
		181  179   956.67  9787.17763  9787.18601   4.0  1  1
		181  179  1012.28  9785.76584   9785.7642   6.0  1  1
		181  179  1370.25  9776.24354   9776.2468   4.0  1  1
		181  179  1513.84   9772.2127   9772.2128   4.0  1  1
		181  179  1882.96  9761.31087    9761.312   4.0  1  1
		181  179  1929.19  9759.89216   9759.8948   4.0  1  1
		181  179  1963.98  9758.81687   9758.8194   4.0  1  1
		181  179  2045.63  9756.26757   9756.2665   4.0  1  1
		181  179  2268.40  9749.13143  9749.13518   4.0  1  1
		181  179  2503.98  9741.30004   9741.2929   4.0  1  1
		181  179  2574.80  9738.88854   9738.8807   4.0  1  1
		181  179  3073.09  9721.16241    9721.157   4.0  1  1
		181  179  3500.57   9704.9149   9704.9327   6.0  1  1
		181  179  3543.78  9703.22562  9703.22299   4.0  1  1
		182  180   278.51  9749.13606  9749.13518   4.0  1  1
		182  180  1419.16  9721.15715    9721.157   6.0  1  1
		182  180  1502.69  9718.81711   9718.8062   6.0  1  1
		182  180  1972.30  9704.93012   9704.9327   6.0  1  1
		182  180  2027.28  9703.22528  9703.22299   4.0  1  1
		182  180  2202.34  9697.68974    9697.689   4.0  1  1
		182  180  2745.44  9679.49195   9679.4902   6.0  1  1
		182  180  2803.90  9677.44067   9677.4442   4.0  1  1
		182  180  3084.29  9667.34898  9667.34842   4.0  1  1
		182  180  3112.97  9666.29317   9666.2936   6.0  1  1
		182  180  3270.02  9660.43594  9660.43489   4.0  1  1
		183  181  1443.37   9667.3475  9667.34842   4.0  1  1
		183  181  2162.21  9645.96714    9645.964   4.0  1  1
		183  181  2490.46  9635.28518  9635.28533   4.0  1  1
		183  181  2581.94  9632.20831  9632.20992   4.0  1  1
		183  181  2709.94  9627.83007   9627.8381   4.0  1  1
		183  181  2830.15   9623.6405    9623.634   4.0  1  1
		183  181  3035.05  9616.32508   9616.3278   4.0  1  1
		183  181  3352.34  9604.56752   9604.5654   4.0  1  1
		184  182   632.57  9635.28541  9635.28533   4.0  1  1
		184  182   764.19  9632.21202  9632.20992   4.0  1  1
		184  182  1111.35  9623.63486    9623.634   4.0  1  1
		184  182  1387.36  9616.32568   9616.3278   4.0  1  1
		184  182  1801.10  9604.56635   9604.5654   4.0  1  1
		184  182  2284.41  9589.65063   9589.6567   4.0  1  1
		184  182  2413.87  9585.44643   9585.4414   4.0  1  1
		184  182  2578.51  9579.97461   9579.9731   4.0  1  1
		184  182  3040.81   9563.8661  9563.86735   4.0  1  1
	offset	-2
	niterate 0
	lowreject 3.
	highreject 3.
	coefficients	56
		1.
		8.
		6.
		1.
		1.
		4095.000000000001
		157.
		182.
		1744233.55716152
		-11444.05766883769
		-1002.892413726488
		26.98716077030665
		18.45855486321095
		4.572469973745858
		8.254923881493393
		2.040717143140624
		1475.032326572906
		-15.77149210811534
		-3.064311763788551
		-0.896909922112847
		-5.55279387834749
		-1.215071848195601
		-2.867822230533453
		-0.1295945375879634
		-49.79047152056433
		25.45105003778655
		0.04913957633825628
		-1.673611131162927
		-3.517270990495321
		-1.306651063886327
		-1.540860108972861
		-0.4208697206149319
		-1.41072327723251
		-6.186947013306683
		-5.293032841310489
		-3.461503564627838
		-2.791296936150851
		-1.97164890221654
		-0.8249927063809774
		-0.475317010814985
		-1.382918921705381
		-0.86104970794212
		-2.928275080966539
		-0.6135688580358041
		-2.042526884117111
		-0.1510617915056318
		-0.8620882449871592
		-0.06570528165293345
		-1.720536537147658
		-0.5674021464883773
		-2.718844385462392
		-0.1351150571506742
		-1.394696700777992
		-0.2022399644254677
		-0.4162389038793096
		-0.1103551316352785

# Tue 16:51:10 10-Oct-2017
begin	ecidentify comparison_HIRESY_20170727nm_ecall
	id	comparison_HIRESY_20170727nm_ecall
	task	ecidentify
	image	comparison_HIRESY_20170727nm_ecall
	units	angstroms
	features	421
		159  159   948.57   11141.866  11141.8677   6.0  1  1
		159  159  1118.16  11136.9304  11136.9262   4.0  1  1
		159  159  1302.78  11131.3361  11131.3349   4.0  1  1
		159  159  1390.85  11128.5865  11128.5866   4.0  1  1
		159  159  1438.95  11127.0629  11127.0649   6.0  1  1
		159  159  1601.30  11121.8078  11121.8085   4.0  1  1
		159  159  1739.66  11117.1947  11117.1977   4.0  1  1
		159  159  1963.00  11109.4944  11109.4924   4.0  1  1
		159  159  2093.79   11104.843  11104.8435   4.0  1  1
		159  159  2293.82  11097.5295    11097.53   6.0  1  1
		159  159  2356.34  11095.1942  11095.1938   6.0  1  1
		159  159  2394.18  11093.7694  11093.7671   6.0  1  1
		159  159  2700.79  11081.9024  11081.9033   4.0  1  1
		159  159  2802.61  11077.8328   11077.838   4.0  1  1
		159  159  2829.18  11076.7601  11076.7632   6.0  1  1
		159  159  3230.07  11060.0363  11060.0363   4.0  1  1
		159  159  3276.97  11058.0153  11058.0137   4.0  1  1
		159  159  3348.21  11054.9214  11054.9215   4.0  1  1
		159  159  3477.33  11049.2452  11049.2449   4.0  1  1
		159  159  3698.89  11039.3418  11039.3397   6.0  1  1
		160  160   593.22  11081.9027  11081.9033   4.0  1  1
		160  160   746.16  11077.8399   11077.838   6.0  1  1
		160  160  1358.66  11060.0352  11060.0363   4.0  1  1
		160  160  1423.04  11058.0171  11058.0137   4.0  1  1
		160  160  1520.17  11054.9205  11054.9215   4.0  1  1
		160  160  1693.61  11049.2385  11049.2449   4.0  1  1
		160  160  1784.62  11046.1804   11046.171   4.0  1  1
		160  160  1926.63  11041.3059  11041.3131   6.0  1  1
		160  160  1983.04  11039.3354  11039.3397   4.0  1  1
		160  160  2212.99  11031.1043  11031.1049   6.0  1  1
		160  160  2242.99  11030.0071  11029.9953   6.0  1  1
		160  160  2334.87  11026.6133   11026.614   6.0  1  1
		160  160  2383.77  11024.7865  11024.7865   6.0  1  1
		160  160  2515.22  11019.8044   11019.803   6.0  1  1
		160  160  2895.33  11004.8017  11004.8066   6.0  1  1
		160  160  3173.99  10993.2283   10993.221   6.0  1  1
		160  160  3327.90  10986.6325  10986.6402   6.0  1  1
		160  160  3344.28  10985.9225   10985.917   6.0  1  1
		160  160  3796.08  10965.8799  10965.8863   6.0  1  1
		160  160  4067.77  10953.7287  10953.7273   6.0  1  1
		161  161  2451.74  10953.7266  10953.7273   4.0  1  1
		161  161  3137.27  10926.4324  10926.4365   6.0  1  1
		162  162   246.77  10953.7275  10953.7273   4.0  1  1
		162  162   363.97  10950.8721  10950.8672   4.0  1  1
		162  162   587.80   10945.239  10945.2427   6.0  1  1
		162  162  1261.81  10926.4329  10926.4365   6.0  1  1
		162  162  2199.58  10895.3466  10895.3465   4.0  1  1
		162  162  2257.04  10893.2677  10893.2664   6.0  1  1
		162  162  2508.94  10883.9236  10883.9231   4.0  1  1
		162  162  2792.74  10872.9391  10872.9408   6.0  1  1
		162  162  2858.43  10870.3259  10870.3167   6.0  1  1
		162  162  2978.65  10865.4738  10865.4782   6.0  1  1
		162  162  3013.45  10864.0524  10864.0532   6.0  1  1
		162  162  3196.98  10856.4319  10856.4308   6.0  1  1
		162  162  3409.14  10847.3739  10847.3746   6.0  1  1
		163  163   355.00  10883.9182  10883.9231   4.0  1  1
		163  163   784.69   10872.935  10872.9408   6.0  1  1
		163  163  1053.68  10865.4876  10865.4782   6.0  1  1
		163  163  1103.52   10864.055  10864.0532   4.0  1  1
		163  163  1359.61  10856.4311  10856.4308   6.0  1  1
		163  163  1646.61  10847.3733  10847.3746   6.0  1  1
		163  163  2529.06  10816.3616  10816.3558   4.0  1  1
		163  163  2542.26  10815.8628    10815.86   4.0  1  1
		163  163  2558.67  10815.2411   10815.241   4.0  1  1
		163  163  2695.82   10809.982   10809.974   4.0  1  1
		163  163  2775.49  10806.8744  10806.8759   4.0  1  1
		163  163  3021.54  10797.0294   10797.019   6.0  1  1
		163  163  3218.91  10788.8616  10788.8649   6.0  1  1
		163  163  3379.30  10782.0546  10782.0488   6.0  1  1
		163  163  3428.40  10779.9427  10779.9322   6.0  1  1
		163  163  3512.02  10776.3188  10776.3202   4.0  1  1
		163  163  3580.24  10773.3396  10773.3341   4.0  1  1
		163  163  3835.08  10762.0913  10762.0931   4.0  1  1
		164  164   657.72  10809.9731   10809.974   6.0  1  1
		164  164   775.83   10806.873  10806.8759   6.0  1  1
		164  164  1131.09  10797.0113   10797.019   6.0  1  1
		164  164  1389.08  10789.3252  10789.3195   6.0  1  1
		164  164  1404.07   10788.865  10788.8649   6.0  1  1
		164  164  1620.84  10782.0488  10782.0488   6.0  1  1
		164  164  1686.33  10779.9308  10779.9322   6.0  1  1
		164  164  1796.15  10776.3193  10776.3202   4.0  1  1
		164  164  1824.03  10775.3907  10775.3854   6.0  1  1
		164  164  1885.17  10773.3379  10773.3341   4.0  1  1
		164  164  2208.92  10762.0977  10762.0931   4.0  1  1
		164  164  2342.59  10757.2779  10757.2758   6.0  1  1
		164  164  2393.48  10755.4155  10755.4159   6.0  1  1
		164  164  2610.31  10747.3093  10747.3096   6.0  1  1
		164  164  2677.21  10744.7517  10744.7564   6.0  1  1
		164  164  2880.80  10736.8008  10736.7957   4.0  1  1
		164  164  3053.39  10729.8607  10729.8649   4.0  1  1
		164  164  3126.65  10726.8593  10726.8615   4.0  1  1
		164  164  3167.69  10725.1637  10725.1681   4.0  1  1
		164  164  3391.87  10715.7279  10715.7231   4.0  1  1
		164  164  3664.51  10703.9148  10703.9181   4.0  1  1
		165  165   945.23   10736.802  10736.7957   6.0  1  1
		165  165  1003.97  10735.1727  10735.1836   6.0  1  1
		165  165  1189.92  10729.8647  10729.8649   4.0  1  1
		165  165  1241.33  10728.3568  10728.3566   4.0  1  1
		165  165  1291.72  10726.8618  10726.8615   4.0  1  1
		165  165  1348.18  10725.1669  10725.1681   4.0  1  1
		165  165  1650.95  10715.7259  10715.7231   4.0  1  1
		165  165  1928.41  10706.5719  10706.5779   6.0  1  1
		165  165  2006.43  10703.9147  10703.9181   4.0  1  1
		165  165  2498.72  10686.3293  10686.3317   4.0  1  1
		165  165  2542.50   10684.697  10684.6995   4.0  1  1
		165  165  2633.09  10681.2833  10681.2889   6.0  1  1
		165  165  2758.27  10676.4854  10676.4898   4.0  1  1
		165  165  2887.85  10671.4187  10671.4146   6.0  1  1
		165  165  2995.04  10667.1496  10667.1537   4.0  1  1
		165  165  3422.86  10649.4246  10649.4321   6.0  1  1
		165  165  3617.63   10641.037   10641.037   6.0  1  1
		166  166   392.82  10686.3294  10686.3317   4.0  1  1
		166  166   459.82  10684.6952  10684.6995   4.0  1  1
		166  166   596.16     10681.3  10681.2889   6.0  1  1
		166  166   782.68  10676.4863  10676.4898   4.0  1  1
		166  166   970.71  10671.4175  10671.4146   6.0  1  1
		166  166  1122.67  10667.1541  10667.1537   4.0  1  1
		166  166  1704.88  10649.4279  10649.4321   6.0  1  1
		166  166  1958.82  10641.0329   10641.037   6.0  1  1
		166  166  2071.28   10637.193  10637.1955   6.0  1  1
		166  166  2198.83  10632.7489  10632.7526   6.0  1  1
		166  166  2402.70  10625.4507  10625.4541   6.0  1  1
		166  166  2606.62  10617.9093  10617.9109   6.0  1  1
		166  166  2649.65  10616.2867   10616.291   6.0  1  1
		166  166  2739.64  10612.8576  10612.8596   6.0  1  1
		166  166  2855.81  10608.3588  10608.3652   6.0  1  1
		166  166  3309.95  10589.9875  10589.9979   6.0  1  1
		166  166  3818.08  10568.1887   10568.199   4.0  1  1
		166  166  3866.11  10566.0963  10566.0791   6.0  1  1
		166  166  4021.80  10559.3407  10559.3421   6.0  1  1
		167  167   572.87  10617.9232  10617.9109   6.0  1  1
		167  167   637.79  10616.2882   10616.291   6.0  1  1
		167  167  1567.72  10589.9913  10589.9979   6.0  1  1
		167  167  2223.51  10568.1955   10568.199   4.0  1  1
		167  167  2283.46  10566.0778  10566.0791   6.0  1  1
		167  167  2470.47  10559.3391  10559.3421   6.0  1  1
		167  167  2514.45   10557.725  10557.7281   6.0  1  1
		167  167  2540.10  10556.7784  10556.7746   6.0  1  1
		167  167  2768.60  10548.1751  10548.1812   6.0  1  1
		167  167  2880.76  10543.8381  10543.8421   6.0  1  1
		167  167  3072.13  10536.2625  10536.2691   6.0  1  1
		167  167  3172.09  10532.2176   10532.212   4.0  1  1
		167  167  3209.98   10530.669  10530.6705   6.0  1  1
		167  167  3257.31  10528.7228  10528.7222   6.0  1  1
		167  167  3409.27  10522.3904   10522.393   6.0  1  1
		167  167  3440.82  10521.0606  10521.0667   6.0  1  1
		167  167  3581.35  10515.0824  10515.0846   6.0  1  1
		167  167  3713.88  10509.3793  10509.3808   4.0  1  1
		167  167  3899.02  10501.3654  10501.3683   6.0  1  1
		168  168   383.09  10559.3448  10559.3421   6.0  1  1
		168  168   450.09  10557.7322  10557.7281   6.0  1  1
		168  168   989.80  10543.8411  10543.8421   6.0  1  1
		168  168  1136.33  10539.7601  10539.7504   6.0  1  1
		168  168  1257.93  10536.2681  10536.2691   6.0  1  1
		168  168  1394.97  10532.2182   10532.212   4.0  1  1
		168  168  1446.25  10530.6719  10530.6705   6.0  1  1
		168  168  1510.17  10528.7211  10528.7222   4.0  1  1
		168  168  1712.09  10522.3915   10522.393   4.0  1  1
		168  168  1753.38  10521.0664  10521.0667   6.0  1  1
		168  168  1935.96  10515.0853  10515.0846   4.0  1  1
		168  168  2104.79   10509.381  10509.3808   4.0  1  1
		168  168  2217.93  10505.4667  10505.4666   4.0  1  1
		168  168  2334.18  10501.3686  10501.3683   4.0  1  1
		168  168  2414.73  10498.4838  10498.4792   6.0  1  1
		168  168  2436.01  10497.7154  10497.7153   4.0  1  1
		168  168  2507.02  10495.1327  10495.1323   6.0  1  1
		168  168  2637.88  10490.2966  10490.2983   6.0  1  1
		168  168  2745.55  10486.2422  10486.2378   4.0  1  1
		168  168  2884.57  10480.9053  10480.9049   4.0  1  1
		168  168  3087.10  10472.9225  10472.9222   4.0  1  1
		168  168  3158.48  10470.0505  10470.0489   4.0  1  1
		168  168  3340.62  10462.5886  10462.5866   4.0  1  1
		168  168  3561.38  10453.3131  10453.3054   4.0  1  1
		169  169  1009.48  10480.9051  10480.9049   4.0  1  1
		169  169  1291.98  10472.9224  10472.9222   4.0  1  1
		169  169  1389.38  10470.0516  10470.0489   4.0  1  1
		169  169  1633.65  10462.5891  10462.5866   4.0  1  1
		169  169  1922.06  10453.3103  10453.3054   4.0  1  1
		169  169  2215.43   10443.374  10443.3703   4.0  1  1
		169  169  2244.30  10442.3697  10442.3661   6.0  1  1
		169  169  2319.67  10439.7254  10439.7237   6.0  1  1
		169  169  2369.63  10437.9548  10437.9539   6.0  1  1
		169  169  2520.24   10432.531   10432.528   4.0  1  1
		169  169  2791.34  10422.4376       INDEF   4.0  1  1
		169  169  2962.44  10415.8439  10415.8448   6.0  1  1
		170  170   491.44  10432.5186   10432.528   6.0  1  1
		170  170   890.46  10422.4349  10422.4336   6.0  1  1
		170  170  1132.52  10415.8473  10415.8448   6.0  1  1
		170  170  1474.79  10405.8978  10405.9024   6.0  1  1
		170  170  2486.32  10372.3712  10372.3674   6.0  1  1
		170  170  2744.95  10362.8577  10362.8404   6.0  1  1
		170  170  2794.00  10361.0095  10361.0062   6.0  1  1
		170  170  2997.75    10353.18  10353.1678   6.0  1  1
		170  170  3030.75  10351.8887  10351.8842   4.0  1  1
		170  170  3094.47  10349.3772   10349.372   6.0  1  1
		170  170  3434.86  10335.5695  10335.5558   4.0  1  1
		171  171   908.22  10361.0057  10361.0062   6.0  1  1
		171  171  1240.38  10351.8854  10351.8842   4.0  1  1
		171  171  1781.11  10335.5633  10335.5558   4.0  1  1
		171  171  2479.13  10311.9553  10311.9479   4.0  1  1
		171  171  2495.37  10311.3733  10311.3693   6.0  1  1
		171  171  2697.82  10303.9915  10303.9896   6.0  1  1
		171  171  2913.56  10295.8637  10295.8698   4.0  1  1
		171  171  3018.37  10291.8163  10291.8111   4.0  1  1
		171  171  3167.76   10285.936   10285.934   4.0  1  1
		171  171  3532.10  10271.0816  10271.0735   4.0  1  1
		171  171  3791.66  10260.1695    10260.18   4.0  1  1
		171  171  3870.41  10256.8385  10256.8369   4.0  1  1
		172  172   459.52  10311.9492  10311.9479   4.0  1  1
		172  172   783.76  10303.9769  10303.9896   6.0  1  1
		172  172  1090.44   10295.865  10295.8698   4.0  1  1
		172  172  1236.36  10291.7998  10291.8111   6.0  1  1
		172  172  1438.97   10285.934   10285.934   4.0  1  1
		172  172  1799.47  10274.8763  10274.8728   6.0  1  1
		172  172  1827.02  10273.9995  10274.0032   6.0  1  1
		172  172  1917.72  10271.0818  10271.0735   4.0  1  1
		172  172  2221.21  10260.9787  10260.9782   6.0  1  1
		172  172  2244.58  10260.1793    10260.18   4.0  1  1
		172  172  2296.72  10258.3848  10258.3908   4.0  1  1
		172  172  2341.35  10256.8366  10256.8369   4.0  1  1
		172  172  2436.75    10253.49  10253.4884   6.0  1  1
		172  172  2524.66   10250.361  10250.3651   4.0  1  1
		172  172  2838.52  10238.8303  10238.8331   4.0  1  1
		172  172  3159.32  10226.4533  10226.4605   6.0  1  1
		172  172  3226.27  10223.7953   10223.797   4.0  1  1
		172  172  3290.34  10221.2283  10221.2329   6.0  1  1
		172  172  3460.17  10214.3203  10214.3319   6.0  1  1
		173  173   542.36  10250.3591  10250.3651   4.0  1  1
		173  173   997.77  10238.8348  10238.8331   4.0  1  1
		173  173  1439.07  10226.4598  10226.4605   6.0  1  1
		173  173  1528.69  10223.7996   10223.797   6.0  1  1
		173  173  1613.71   10221.231  10221.2329   6.0  1  1
		173  173  1835.56  10214.3264  10214.3319   6.0  1  1
		173  173  2521.56   10191.207  10191.2078   6.0  1  1
		173  173  2629.69  10187.3229  10187.3305   6.0  1  1
		173  173  2737.58  10183.3813  10183.3832   6.0  1  1
		173  173  2793.73  10181.3036  10181.3088   4.0  1  1
		173  173  2887.52  10177.7924  10177.7965   4.0  1  1
		173  173  3189.02  10166.1603   10166.165   4.0  1  1
		173  173  3659.73   10147.041   10147.045   4.0  1  1
		173  173  3728.43  10144.1804  10144.1765   4.0  1  1
		174  174   866.78  10183.3964  10183.3832   6.0  1  1
		174  174   947.14  10181.3099  10181.3088   4.0  1  1
		174  174  1079.16  10177.7965  10177.7965   4.0  1  1
		174  174  1490.31  10166.1653   10166.165   4.0  1  1
		174  174  2100.53  10147.0409   10147.045   4.0  1  1
		174  174  2186.61  10144.1731  10144.1765   4.0  1  1
		174  174  2215.37  10143.2058  10143.2103   6.0  1  1
		174  174  2305.02  10140.1612  10140.1646   6.0  1  1
		174  174  2415.75  10136.3395  10136.3434   4.0  1  1
		174  174  2614.22  10129.3194  10129.3258   6.0  1  1
		174  174  2848.05  10120.7636  10120.7629   6.0  1  1
		174  174  3017.63  10114.3626  10114.3659   4.0  1  1
		174  174  3582.71  10091.8958  10091.9003   4.0  1  1
		174  174  3711.99  10086.5615  10086.5493   4.0  1  1
		175  175    54.17  10144.1764  10144.1765   6.0  1  1
		175  175   406.96  10136.3444  10136.3434   4.0  1  1
		175  175  1036.74  10120.7547  10120.7629   6.0  1  1
		175  175  1270.53  10114.3671  10114.3659   4.0  1  1
		175  175  1581.56  10105.3513  10105.3442   6.0  1  1
		175  175  2013.03  10091.9005  10091.9003   4.0  1  1
		175  175  2096.74   10089.169  10089.1684   6.0  1  1
		175  175  2175.94  10086.5489  10086.5493   4.0  1  1
		175  175  2203.14  10085.6411  10085.6428   4.0  1  1
		175  175  2252.28  10083.9908  10083.9863   6.0  1  1
		175  175  2302.25  10082.2991  10082.3034   6.0  1  1
		175  175  2320.91  10081.6639  10081.6685   6.0  1  1
		175  175  2605.61  10071.7341  10071.7355   4.0  1  1
		175  175  2953.48  10058.9852  10058.9656   6.0  1  1
		175  175  2986.93   10057.723  10057.7181   6.0  1  1
		175  175  3063.81  10054.7977  10054.7963   4.0  1  1
		175  175  3167.81  10050.7873  10050.7908   6.0  1  1
		175  175  3387.75  10042.1124  10042.1157   4.0  1  1
		175  175  3627.64  10032.3923  10032.3914   4.0  1  1
		176  176   702.41  10071.7409  10071.7355   4.0  1  1
		176  176  1241.03  10057.7015  10057.7181   6.0  1  1
		176  176  1344.56  10054.8014  10054.7963   4.0  1  1
		176  176  1484.16  10050.7879  10050.7908   6.0  1  1
		176  176  1576.85  10048.0587  10048.0663   6.0  1  1
		176  176  1772.97  10042.1177  10042.1157   4.0  1  1
		176  176  1845.62  10039.8607  10039.8706   6.0  1  1
		176  176  1968.51  10035.9751  10035.9713   6.0  1  1
		176  176  2079.39  10032.3971  10032.3914   4.0  1  1
		176  176  2615.68  10014.1416  10014.1395   6.0  1  1
		176  176  2956.99  10001.6948  10001.7006   6.0  1  1
		176  176  3091.56  9996.60633   9996.6026   4.0  1  1
		176  176  3123.57  9995.38094   9995.3872   6.0  1  1
		176  176  3252.91  9990.37215   9990.3729   4.0  1  1
		176  176  3318.80  9987.78616   9987.7871   4.0  1  1
		176  176  3577.69  9977.42647   9977.4234   6.0  1  1
		176  176  3681.57  9973.19879   9973.1955   6.0  1  1
		176  176  3765.15  9969.77972    9969.779   6.0  1  1
		177  177  1210.21  10001.7058  10001.7006   6.0  1  1
		177  177  1392.84  9996.61027   9996.6026   4.0  1  1
		177  177  1607.18  9990.37502   9990.3729   4.0  1  1
		177  177  1693.42  9987.79011   9987.7871   4.0  1  1
		177  177  2026.02  9977.42476   9977.4234   4.0  1  1
		177  177  2156.30  9973.19753   9973.1955   4.0  1  1
		177  177  2259.68  9969.77745    9969.779   4.0  1  1
		177  177  2365.30  9966.22353   9966.2223   4.0  1  1
		177  177  2523.42  9960.79006   9960.7846   6.0  1  1
		177  177  2684.95  9955.09832   9955.0986   6.0  1  1
		177  177  2699.57  9954.57606   9954.5763   4.0  1  1
		177  177  2774.55  9951.87892   9951.8804   4.0  1  1
		177  177  2940.70  9945.79014   9945.7901   4.0  1  1
		177  177  3053.36  9941.57331    9941.561   6.0  1  1
		177  177  3632.17  9918.86786    9918.878   6.0  1  1
		178  178   842.07  9955.09948   9955.0986   6.0  1  1
		178  178   862.90  9954.57763   9954.5763   4.0  1  1
		178  178   969.12  9951.87693   9951.8804   4.0  1  1
		178  178  1199.39  9945.79111   9945.7901   4.0  1  1
		178  178  1352.25  9941.57485    9941.561   6.0  1  1
		178  178  1656.99  9932.75425   9932.7656   6.0  1  1
		178  178  1746.78  9930.05219   9930.0464   6.0  1  1
		178  178  2103.43  9918.87338    9918.878   6.0  1  1
		178  178  2257.43  9913.83165   9913.8299   4.0  1  1
		178  178  2288.69  9912.79265   9912.7921   6.0  1  1
		178  178  2366.37  9910.18806    9910.188   6.0  1  1
		178  178  2398.23  9909.11043   9909.1074   4.0  1  1
		178  178  2413.16  9908.60355   9908.6024   4.0  1  1
		178  178  2516.19  9905.07292   9905.0717   4.0  1  1
		178  178  2630.75  9901.07963   9901.0661   6.0  1  1
		178  178  2696.25  9898.76425   9898.7609   4.0  1  1
		178  178  3294.63  9876.51418    9876.522   6.0  1  1
		178  178  3445.58  9870.60143   9870.5958   6.0  1  1
		178  178  3748.84  9858.45544   9858.4441   4.0  1  1
		178  178  3790.91  9856.75389    9856.766   4.0  1  1
		179  179   435.22  9909.11657   9909.1074   4.0  1  1
		179  179   457.86  9908.60211   9908.6024   4.0  1  1
		179  179   610.02  9905.07729   9905.0717   6.0  1  1
		179  179   869.95   9898.7673   9898.7609   4.0  1  1
		179  179  1681.36  9876.52379    9876.522   4.0  1  1
		179  179  1741.90  9874.70937   9874.7016   6.0  1  1
		179  179  1843.38  9871.62159   9871.6258   4.0  1  1
		179  179  1876.31  9870.60726   9870.5958   4.0  1  1
		179  179  1982.18  9867.30568   9867.3027   6.0  1  1
		179  179  2257.33  9858.44079   9858.4441   4.0  1  1
		179  179  2308.07  9856.76172    9856.766   4.0  1  1
		179  179  2445.18  9852.15584   9852.1601   4.0  1  1
		179  179  2901.09  9836.11154  9836.11902   4.0  1  1
		179  179  3089.84  9829.13537  9829.14356   4.0  1  1
		179  179  3281.32   9821.8609   9821.8694   4.0  1  1
		179  179  3403.78  9817.11039   9817.1106   6.0  1  1
		179  179  3447.79  9815.38602   9815.3879   4.0  1  1
		179  179  3674.57  9806.38278   9806.3821   4.0  1  1
		179  179  3861.28  9798.88248  9798.88603   4.0  1  1
		180  180   313.02  9856.76254    9856.766   4.0  1  1
		180  180   518.50  9852.14878   9852.1601   4.0  1  1
		180  180  1166.83   9836.1115  9836.11902   4.0  1  1
		180  180  1421.60  9829.13939  9829.14356   4.0  1  1
		180  180  1673.60  9821.86854   9821.8694   6.0  1  1
		180  180  1832.11  9817.10944   9817.1106   6.0  1  1
		180  180  1888.44  9815.38448   9815.3879   4.0  1  1
		180  180  2173.93  9806.37672   9806.3821   4.0  1  1
		180  180  2401.61  9798.88109  9798.88603   4.0  1  1
		180  180  2598.12  9792.19056   9792.1955   6.0  1  1
		180  180  2741.51  9787.17816  9787.18601   4.0  1  1
		180  180  2781.27  9785.76862   9785.7642   6.0  1  1
		180  180  3043.75  9776.24698   9776.2468   4.0  1  1
		180  180  3281.81  9767.28908   9767.2828   6.0  1  1
		180  180  3436.44  9761.31668    9761.312   4.0  1  1
		180  180  3500.01  9758.83013   9758.8194   4.0  1  1
		180  180  3744.39  9749.14296  9749.13518   4.0  1  1
		181  181   465.94  9798.88637  9798.88603   4.0  1  1
		181  181   956.67  9787.17715  9787.18601   4.0  1  1
		181  181  1012.28   9785.7654   9785.7642   6.0  1  1
		181  181  1370.25  9776.24384   9776.2468   4.0  1  1
		181  181  1513.84   9772.2132   9772.2128   4.0  1  1
		181  181  1882.96  9761.31091    9761.312   4.0  1  1
		181  181  1929.19  9759.89206   9759.8948   4.0  1  1
		181  181  1963.98  9758.81666   9758.8194   4.0  1  1
		181  181  2045.63  9756.26711   9756.2665   4.0  1  1
		181  181  2268.40  9749.13038  9749.13518   4.0  1  1
		181  181  2503.98  9741.29882   9741.2929   4.0  1  1
		181  181  2574.80  9738.88737   9738.8807   4.0  1  1
		181  181  3073.09  9721.16206    9721.157   4.0  1  1
		181  181  3500.57  9704.91432   9704.9327   6.0  1  1
		181  181  3543.78  9703.22528  9703.22299   4.0  1  1
		182  182   278.51  9749.13633  9749.13518   4.0  1  1
		182  182  1419.16  9721.15757    9721.157   6.0  1  1
		182  182  1502.69  9718.81774   9718.8062   6.0  1  1
		182  182  1972.30  9704.92933   9704.9327   6.0  1  1
		182  182  2027.28   9703.2242  9703.22299   4.0  1  1
		182  182  2202.34  9697.68802    9697.689   4.0  1  1
		182  182  2745.44  9679.49171   9679.4902   6.0  1  1
		182  182  2803.90  9677.44064   9677.4442   4.0  1  1
		182  182  3084.29  9667.34938  9667.34842   4.0  1  1
		182  182  3112.97  9666.29352   9666.2936   6.0  1  1
		182  182  3270.02  9660.43526  9660.43489   4.0  1  1
		183  183   983.62  9679.49384   9679.4902   6.0  1  1
		183  183  1064.83  9677.43676   9677.4442   6.0  1  1
		183  183  1443.37  9667.34783  9667.34842   4.0  1  1
		183  183  1481.19  9666.29449   9666.2936   6.0  1  1
		183  183  2162.21  9645.96432    9645.964   4.0  1  1
		183  183  2188.72  9645.12231   9645.1213   6.0  1  1
		183  183  2490.46  9635.28332  9635.28533   4.0  1  1
		183  183  2546.32  9633.41037   9633.3859   6.0  1  1
		183  183  2581.94  9632.20736  9632.20992   4.0  1  1
		183  183  2637.84  9630.30632   9630.3112   6.0  1  1
		183  183  2709.94  9627.83055   9627.8381   4.0  1  1
		183  183  2830.15  9623.64215    9623.634   4.0  1  1
		183  183  3035.05  9616.32719   9616.3278   4.0  1  1
		183  183  3177.13  9611.12448   9611.1217   6.0  1  1
		183  183  3352.34    9604.565   9604.5654   4.0  1  1
		184  184   632.57  9635.28539  9635.28533   4.0  1  1
		184  184   764.19  9632.20891  9632.20992   4.0  1  1
		184  184   944.21  9627.84562   9627.8381   6.0  1  1
		184  184  1111.35  9623.63162    9623.634   4.0  1  1
		184  184  1387.36  9616.32538   9616.3278   4.0  1  1
		184  184  1558.70  9611.57154    9611.571   6.0  1  1
		184  184  1574.60  9611.12219   9611.1217   6.0  1  1
		184  184  1801.10  9604.56494   9604.5654   4.0  1  1
		184  184  2017.94   9598.0244   9598.0224   6.0  1  1
		184  184  2179.90  9592.97634   9592.9729   6.0  1  1
		184  184  2284.41  9589.64627   9589.6567   4.0  1  1
		184  184  2413.87  9585.44328   9585.4414   4.0  1  1
		184  184  2578.51  9579.97426   9579.9731   4.0  1  1
		184  184  2856.14  9570.43662   9570.4533   6.0  1  1
		184  184  2871.16  9569.90947    9569.904   6.0  1  1
		184  184  3040.81  9563.87076  9563.86735   4.0  1  1
		184  184  3239.53  9556.60533   9556.6055   6.0  1  1
	niterate 0
	lowreject 3.
	highreject 3.
	coefficients	56
		1.
		8.
		6.
		1.
		1.
		4095.000000000001
		159.
		184.
		1764870.643532983
		-11577.58681391622
		-1013.637669310733
		28.78212545711569
		19.36981152937094
		5.53859030147959
		8.637246045989233
		2.426872981240482
		-30.20637322106706
		-2.524362233462346
		0.04683125221562216
		1.80566904427834
		-4.240001546527267
		0.4663351818898719
		-2.34284937047359
		0.5528491009573846
		6.297876800198086
		28.09938427604387
		1.9375620551336
		0.4463109874097943
		-2.361412510649111
		0.02601253485124188
		-1.061023516211184
		0.1138580794484486
		-2.574348687533604
		-3.96799460430816
		-3.758800011665779
		-1.692444917370003
		-1.818650516876895
		-0.8244948174120391
		-0.4082936595308849
		-0.01619053905102965
		-0.8247168073667022
		0.2924028556414711
		-2.059897905883277
		0.2874332542492736
		-1.485593111015641
		0.4605285878672255
		-0.6140585568568147
		0.1704211796365116
		-1.390691705433487
		0.04986284552947919
		-2.127686289261335
		0.3354182769623192
		-0.9985997903306913
		0.1525346573029473
		-0.2299406636167333
		0.0116281135249316

