begin	identify comparison_HIRESY_20170727nm_ecall.0181
	id 	 comparison_HIRESY_20170727nm_ecall.0181
	task	identify
	image	comparison_HIRESY_20170727nm_ecall.0181
	units	Angstroms
	features	15
		465.94	9798.8864	9798.8860	4.0	1	1
		956.67	9787.1771	9787.1860	4.0	1	1
		1012.28	9785.7654	9785.7642	6.0	1	1
		1370.25	9776.2438	9776.2468	4.0	1	1
		1513.84	9772.2132	9772.2128	4.0	1	1
		1882.96	9761.3109	9761.3120	4.0	1	1
		1929.19	9759.8921	9759.8948	4.0	1	1
		1963.98	9758.8167	9758.8194	4.0	1	1
		2045.63	9756.2671	9756.2665	4.0	1	1
		2268.40	9749.1304	9749.1352	4.0	1	1
		2503.98	9741.2988	9741.2929	4.0	1	1
		2574.80	9738.8874	9738.8807	4.0	1	1
		3073.09	9721.1621	9721.1570	4.0	1	1
		3500.57	9704.9143	9704.9327	6.0	1	1
		3543.78	9703.2253	9703.2230	4.0	1	1
	coefficients	12
		1.
		8.
		1.000000
		4095.000000
		9750.563986
		-63.941376
		-5.565788
		0.168661
		0.105356
		0.031768
		0.042556
		0.014919

