begin	identify comparison_HIRESY_20170727nm_ecall.0166
	id 	 comparison_HIRESY_20170727nm_ecall.0166
	task	identify
	image	comparison_HIRESY_20170727nm_ecall.0166
	units	Angstroms
	features	19
		392.82	10686.3294	10686.3317	4.0	1	1
		459.82	10684.6952	10684.6995	4.0	1	1
		596.16	10681.3000	10681.2889	6.0	1	1
		782.68	10676.4863	10676.4898	4.0	1	1
		970.71	10671.4175	10671.4146	6.0	1	1
		1122.67	10667.1541	10667.1537	4.0	1	1
		1704.88	10649.4279	10649.4321	6.0	1	1
		1958.82	10641.0329	10641.0370	6.0	1	1
		2071.28	10637.1930	10637.1955	6.0	1	1
		2198.83	10632.7489	10632.7526	6.0	1	1
		2402.70	10625.4507	10625.4541	6.0	1	1
		2606.62	10617.9093	10617.9109	6.0	1	1
		2649.65	10616.2867	10616.2910	6.0	1	1
		2739.64	10612.8576	10612.8596	6.0	1	1
		2855.81	10608.3588	10608.3652	6.0	1	1
		3309.95	10589.9875	10589.9979	6.0	1	1
		3818.08	10568.1887	10568.1990	4.0	1	1
		3866.11	10566.0963	10566.0791	6.0	1	1
		4021.80	10559.3407	10559.3421	6.0	1	1
	coefficients	12
		1.
		8.
		1.000000
		4095.000000
		10631.800100
		-69.865613
		-6.122869
		0.155001
		0.132714
		0.025780
		0.061724
		0.012330

