begin	identify comparison_HIRESY_20170727nm_ecall.0163
	id 	 comparison_HIRESY_20170727nm_ecall.0163
	task	identify
	image	comparison_HIRESY_20170727nm_ecall.0163
	units	Angstroms
	features	18
		355.00	10883.9182	10883.9231	4.0	1	1
		784.69	10872.9350	10872.9408	6.0	1	1
		1053.68	10865.4876	10865.4782	6.0	1	1
		1103.52	10864.0550	10864.0532	4.0	1	1
		1359.61	10856.4311	10856.4308	6.0	1	1
		1646.61	10847.3733	10847.3746	6.0	1	1
		2529.06	10816.3616	10816.3558	4.0	1	1
		2542.26	10815.8628	10815.8600	4.0	1	1
		2558.67	10815.2411	10815.2410	4.0	1	1
		2695.82	10809.9820	10809.9740	4.0	1	1
		2775.49	10806.8744	10806.8759	4.0	1	1
		3021.54	10797.0294	10797.0190	6.0	1	1
		3218.91	10788.8616	10788.8649	6.0	1	1
		3379.30	10782.0546	10782.0488	6.0	1	1
		3428.40	10779.9427	10779.9322	6.0	1	1
		3512.02	10776.3188	10776.3202	4.0	1	1
		3580.24	10773.3396	10773.3341	4.0	1	1
		3835.08	10762.0913	10762.0931	4.0	1	1
	coefficients	12
		1.
		8.
		1.000000
		4095.000000
		10827.538219
		-71.051217
		-6.232611
		0.160130
		0.134449
		0.025798
		0.064224
		0.011459

