begin	identify comparison_HIRESY_20170727nm_ecall.0167
	id 	 comparison_HIRESY_20170727nm_ecall.0167
	task	identify
	image	comparison_HIRESY_20170727nm_ecall.0167
	units	Angstroms
	features	19
		572.87	10617.9232	10617.9109	6.0	1	1
		637.79	10616.2882	10616.2910	6.0	1	1
		1567.72	10589.9913	10589.9979	6.0	1	1
		2223.51	10568.1955	10568.1990	4.0	1	1
		2283.46	10566.0778	10566.0791	6.0	1	1
		2470.47	10559.3391	10559.3421	6.0	1	1
		2514.45	10557.7250	10557.7281	6.0	1	1
		2540.10	10556.7784	10556.7746	6.0	1	1
		2768.60	10548.1751	10548.1812	6.0	1	1
		2880.76	10543.8381	10543.8421	6.0	1	1
		3072.13	10536.2625	10536.2691	6.0	1	1
		3172.09	10532.2176	10532.2120	4.0	1	1
		3209.98	10530.6690	10530.6705	6.0	1	1
		3257.31	10528.7228	10528.7222	6.0	1	1
		3409.27	10522.3904	10522.3930	6.0	1	1
		3440.82	10521.0606	10521.0667	6.0	1	1
		3581.35	10515.0824	10515.0846	6.0	1	1
		3713.88	10509.3793	10509.3808	4.0	1	1
		3899.02	10501.3654	10501.3683	6.0	1	1
	coefficients	12
		1.
		8.
		1.000000
		4095.000000
		10568.118636
		-69.467416
		-6.087417
		0.155654
		0.130767
		0.027023
		0.060261
		0.012781

