begin	identify comparison_HIRESY_20170727nm_ecall.0183
	id 	 comparison_HIRESY_20170727nm_ecall.0183
	task	identify
	image	comparison_HIRESY_20170727nm_ecall.0183
	units	Angstroms
	features	15
		983.62	9679.4938	9679.4902	6.0	1	1
		1064.83	9677.4368	9677.4442	6.0	1	1
		1443.37	9667.3478	9667.3484	4.0	1	1
		1481.19	9666.2945	9666.2936	6.0	1	1
		2162.21	9645.9643	9645.9640	4.0	1	1
		2188.72	9645.1223	9645.1213	6.0	1	1
		2490.46	9635.2833	9635.2853	4.0	1	1
		2546.32	9633.4104	9633.3859	6.0	1	1
		2581.94	9632.2074	9632.2099	4.0	1	1
		2637.84	9630.3063	9630.3112	6.0	1	1
		2709.94	9627.8306	9627.8381	4.0	1	1
		2830.15	9623.6421	9623.6340	4.0	1	1
		3035.05	9616.3272	9616.3278	4.0	1	1
		3177.13	9611.1245	9611.1217	6.0	1	1
		3352.34	9604.5650	9604.5654	4.0	1	1
	coefficients	12
		1.
		8.
		1.000000
		4095.000000
		9643.972309
		-63.179687
		-5.533287
		0.163918
		0.074728
		0.030652
		0.031284
		0.016376

