begin	identify comparison_HIRESY_20170727nm_ecall.0176
	id 	 comparison_HIRESY_20170727nm_ecall.0176
	task	identify
	image	comparison_HIRESY_20170727nm_ecall.0176
	units	Angstroms
	features	18
		702.41	10071.7409	10071.7355	4.0	1	1
		1241.03	10057.7015	10057.7181	6.0	1	1
		1344.56	10054.8014	10054.7963	4.0	1	1
		1484.16	10050.7879	10050.7908	6.0	1	1
		1576.85	10048.0587	10048.0663	6.0	1	1
		1772.97	10042.1177	10042.1157	4.0	1	1
		1845.62	10039.8607	10039.8706	6.0	1	1
		1968.51	10035.9751	10035.9713	6.0	1	1
		2079.39	10032.3971	10032.3914	4.0	1	1
		2615.68	10014.1416	10014.1395	6.0	1	1
		2956.99	10001.6948	10001.7006	6.0	1	1
		3091.56	9996.6063	9996.6026	4.0	1	1
		3123.57	9995.3809	9995.3872	6.0	1	1
		3252.91	9990.3721	9990.3729	4.0	1	1
		3318.80	9987.7862	9987.7871	4.0	1	1
		3577.69	9977.4265	9977.4234	6.0	1	1
		3681.57	9973.1988	9973.1955	6.0	1	1
		3765.15	9969.7797	9969.7790	6.0	1	1
	coefficients	12
		1.
		8.
		1.000000
		4095.000000
		10027.590813
		-65.884603
		-5.761076
		0.175936
		0.114263
		0.037589
		0.049222
		0.014681

