begin	identify comparison_HIRESY_20170727nm_ecall.0171
	id 	 comparison_HIRESY_20170727nm_ecall.0171
	task	identify
	image	comparison_HIRESY_20170727nm_ecall.0171
	units	Angstroms
	features	12
		908.22	10361.0057	10361.0062	6.0	1	1
		1240.38	10351.8854	10351.8842	4.0	1	1
		1781.11	10335.5633	10335.5558	4.0	1	1
		2479.13	10311.9553	10311.9479	4.0	1	1
		2495.37	10311.3733	10311.3693	6.0	1	1
		2697.82	10303.9915	10303.9896	6.0	1	1
		2913.56	10295.8637	10295.8698	4.0	1	1
		3018.37	10291.8163	10291.8111	4.0	1	1
		3167.76	10285.9360	10285.9340	4.0	1	1
		3532.10	10271.0816	10271.0735	4.0	1	1
		3791.66	10260.1695	10260.1800	4.0	1	1
		3870.41	10256.8385	10256.8369	4.0	1	1
	coefficients	12
		1.
		8.
		1.000000
		4095.000000
		10320.846362
		-67.869542
		-5.951063
		0.165377
		0.119341
		0.034033
		0.053679
		0.014358

