begin	identify comparison_HIRESY_20170727nm_ecall.0173
	id 	 comparison_HIRESY_20170727nm_ecall.0173
	task	identify
	image	comparison_HIRESY_20170727nm_ecall.0173
	units	Angstroms
	features	14
		542.36	10250.3591	10250.3651	4.0	1	1
		997.77	10238.8348	10238.8331	4.0	1	1
		1439.07	10226.4598	10226.4605	6.0	1	1
		1528.69	10223.7996	10223.7970	6.0	1	1
		1613.71	10221.2310	10221.2329	6.0	1	1
		1835.56	10214.3264	10214.3319	6.0	1	1
		2521.56	10191.2070	10191.2078	6.0	1	1
		2629.69	10187.3229	10187.3305	6.0	1	1
		2737.58	10183.3813	10183.3832	6.0	1	1
		2793.73	10181.3036	10181.3088	4.0	1	1
		2887.52	10177.7924	10177.7965	4.0	1	1
		3189.02	10166.1603	10166.1650	4.0	1	1
		3659.73	10147.0410	10147.0450	4.0	1	1
		3728.43	10144.1804	10144.1765	4.0	1	1
	coefficients	12
		1.
		8.
		1.000000
		4095.000000
		10201.504585
		-67.072205
		-5.879865
		0.171142
		0.115113
		0.036734
		0.051192
		0.014717

