begin	identify comparison_HIRESY_20170727nm_ecall.0164
	id 	 comparison_HIRESY_20170727nm_ecall.0164
	task	identify
	image	comparison_HIRESY_20170727nm_ecall.0164
	units	Angstroms
	features	21
		657.72	10809.9731	10809.9740	6.0	1	1
		775.83	10806.8730	10806.8759	6.0	1	1
		1131.09	10797.0113	10797.0190	6.0	1	1
		1389.08	10789.3252	10789.3195	6.0	1	1
		1404.07	10788.8650	10788.8649	6.0	1	1
		1620.84	10782.0488	10782.0488	6.0	1	1
		1686.33	10779.9308	10779.9322	6.0	1	1
		1796.15	10776.3193	10776.3202	4.0	1	1
		1824.03	10775.3907	10775.3854	6.0	1	1
		1885.17	10773.3379	10773.3341	4.0	1	1
		2208.92	10762.0977	10762.0931	4.0	1	1
		2342.59	10757.2779	10757.2758	6.0	1	1
		2393.48	10755.4155	10755.4159	6.0	1	1
		2610.31	10747.3093	10747.3096	6.0	1	1
		2677.21	10744.7517	10744.7564	6.0	1	1
		2880.80	10736.8008	10736.7957	4.0	1	1
		3053.39	10729.8607	10729.8649	4.0	1	1
		3126.65	10726.8593	10726.8615	4.0	1	1
		3167.69	10725.1637	10725.1681	4.0	1	1
		3391.87	10715.7279	10715.7231	4.0	1	1
		3664.51	10703.9148	10703.9181	4.0	1	1
	coefficients	12
		1.
		8.
		1.000000
		4095.000000
		10761.495026
		-70.657908
		-6.196043
		0.157151
		0.134449
		0.025018
		0.063770
		0.011618

