begin	identify comparison_HIRESY_20170727nm_ecall.0169
	id 	 comparison_HIRESY_20170727nm_ecall.0169
	task	identify
	image	comparison_HIRESY_20170727nm_ecall.0169
	units	Angstroms
	features	11
		1009.48	10480.9051	10480.9049	4.0	1	1
		1291.98	10472.9224	10472.9222	4.0	1	1
		1389.38	10470.0516	10470.0489	4.0	1	1
		1633.65	10462.5891	10462.5866	4.0	1	1
		1922.06	10453.3103	10453.3054	4.0	1	1
		2215.43	10443.3740	10443.3703	4.0	1	1
		2244.30	10442.3697	10442.3661	6.0	1	1
		2319.67	10439.7254	10439.7237	6.0	1	1
		2369.63	10437.9548	10437.9539	6.0	1	1
		2520.24	10432.5310	10432.5280	4.0	1	1
		2962.44	10415.8439	10415.8448	6.0	1	1
	coefficients	12
		1.
		8.
		1.000000
		4095.000000
		10443.017944
		-68.668797
		-6.018897
		0.159555
		0.125278
		0.030433
		0.056917
		0.013672

