begin	identify comparison_HIRESY_20170727nm_ecall.0172
	id 	 comparison_HIRESY_20170727nm_ecall.0172
	task	identify
	image	comparison_HIRESY_20170727nm_ecall.0172
	units	Angstroms
	features	19
		459.52	10311.9492	10311.9479	4.0	1	1
		783.76	10303.9769	10303.9896	6.0	1	1
		1090.44	10295.8650	10295.8698	4.0	1	1
		1236.36	10291.7998	10291.8111	6.0	1	1
		1438.97	10285.9340	10285.9340	4.0	1	1
		1799.47	10274.8763	10274.8728	6.0	1	1
		1827.02	10273.9995	10274.0032	6.0	1	1
		1917.72	10271.0818	10271.0735	4.0	1	1
		2221.21	10260.9787	10260.9782	6.0	1	1
		2244.58	10260.1793	10260.1800	4.0	1	1
		2296.72	10258.3848	10258.3908	4.0	1	1
		2341.35	10256.8366	10256.8369	4.0	1	1
		2436.75	10253.4900	10253.4884	6.0	1	1
		2524.66	10250.3610	10250.3651	4.0	1	1
		2838.52	10238.8303	10238.8331	4.0	1	1
		3159.32	10226.4533	10226.4605	6.0	1	1
		3226.27	10223.7953	10223.7970	4.0	1	1
		3290.34	10221.2283	10221.2329	6.0	1	1
		3460.17	10214.3203	10214.3319	6.0	1	1
	coefficients	12
		1.
		8.
		1.000000
		4095.000000
		10260.827763
		-67.470486
		-5.916125
		0.168387
		0.116900
		0.035552
		0.052315
		0.014581

