begin	identify comparison_HIRESY_20170727nm_ecall.0168
	id 	 comparison_HIRESY_20170727nm_ecall.0168
	task	identify
	image	comparison_HIRESY_20170727nm_ecall.0168
	units	Angstroms
	features	24
		383.09	10559.3448	10559.3421	6.0	1	1
		450.09	10557.7322	10557.7281	6.0	1	1
		989.80	10543.8411	10543.8421	6.0	1	1
		1136.33	10539.7601	10539.7504	6.0	1	1
		1257.93	10536.2681	10536.2691	6.0	1	1
		1394.97	10532.2182	10532.2120	4.0	1	1
		1446.25	10530.6719	10530.6705	6.0	1	1
		1510.17	10528.7211	10528.7222	4.0	1	1
		1712.09	10522.3915	10522.3930	4.0	1	1
		1753.38	10521.0664	10521.0667	6.0	1	1
		1935.96	10515.0853	10515.0846	4.0	1	1
		2104.79	10509.3810	10509.3808	4.0	1	1
		2217.93	10505.4667	10505.4666	4.0	1	1
		2334.18	10501.3686	10501.3683	4.0	1	1
		2414.73	10498.4838	10498.4792	6.0	1	1
		2436.01	10497.7154	10497.7153	4.0	1	1
		2507.02	10495.1327	10495.1323	6.0	1	1
		2637.88	10490.2966	10490.2983	6.0	1	1
		2745.55	10486.2422	10486.2378	4.0	1	1
		2884.57	10480.9053	10480.9049	4.0	1	1
		3087.10	10472.9225	10472.9222	4.0	1	1
		3158.48	10470.0505	10470.0489	4.0	1	1
		3340.62	10462.5886	10462.5866	4.0	1	1
		3561.38	10453.3131	10453.3054	4.0	1	1
	coefficients	12
		1.
		8.
		1.000000
		4095.000000
		10505.195722
		-69.068357
		-6.052845
		0.157243
		0.128217
		0.028628
		0.058625
		0.013240

