begin	identify comparison_HIRESY_20170727nm_ecall.0159
	id 	 comparison_HIRESY_20170727nm_ecall.0159
	task	identify
	image	comparison_HIRESY_20170727nm_ecall.0159
	units	Angstroms
	features	20
		948.57	11141.8660	11141.8677	6.0	1	1
		1118.16	11136.9304	11136.9262	4.0	1	1
		1302.78	11131.3361	11131.3349	4.0	1	1
		1390.85	11128.5865	11128.5866	4.0	1	1
		1438.95	11127.0629	11127.0649	6.0	1	1
		1601.30	11121.8078	11121.8085	4.0	1	1
		1739.66	11117.1947	11117.1977	4.0	1	1
		1963.00	11109.4944	11109.4924	4.0	1	1
		2093.79	11104.8430	11104.8435	4.0	1	1
		2293.82	11097.5295	11097.5300	6.0	1	1
		2356.34	11095.1942	11095.1938	6.0	1	1
		2394.18	11093.7694	11093.7671	6.0	1	1
		2700.79	11081.9024	11081.9033	4.0	1	1
		2802.61	11077.8328	11077.8380	4.0	1	1
		2829.18	11076.7601	11076.7632	6.0	1	1
		3230.07	11060.0363	11060.0363	4.0	1	1
		3276.97	11058.0153	11058.0137	4.0	1	1
		3348.21	11054.9214	11054.9215	4.0	1	1
		3477.33	11049.2452	11049.2449	4.0	1	1
		3698.89	11039.3418	11039.3397	6.0	1	1
	coefficients	12
		1.
		8.
		1.000000
		4095.000000
		11100.064705
		-72.595928
		-6.339122
		0.182813
		0.142013
		0.039187
		0.062536
		0.013603

