begin	identify comparison_HIRESY_20170727nm_ecall.0160
	id 	 comparison_HIRESY_20170727nm_ecall.0160
	task	identify
	image	comparison_HIRESY_20170727nm_ecall.0160
	units	Angstroms
	features	20
		593.22	11081.9027	11081.9033	4.0	1	1
		746.16	11077.8399	11077.8380	6.0	1	1
		1358.66	11060.0352	11060.0363	4.0	1	1
		1423.04	11058.0171	11058.0137	4.0	1	1
		1520.17	11054.9205	11054.9215	4.0	1	1
		1693.61	11049.2385	11049.2449	4.0	1	1
		1784.62	11046.1804	11046.1710	4.0	1	1
		1926.63	11041.3059	11041.3131	6.0	1	1
		1983.04	11039.3354	11039.3397	4.0	1	1
		2212.99	11031.1043	11031.1049	6.0	1	1
		2242.99	11030.0071	11029.9953	6.0	1	1
		2334.87	11026.6133	11026.6140	6.0	1	1
		2383.77	11024.7865	11024.7865	6.0	1	1
		2515.22	11019.8044	11019.8030	6.0	1	1
		2895.33	11004.8017	11004.8066	6.0	1	1
		3173.99	10993.2283	10993.2210	6.0	1	1
		3327.90	10986.6325	10986.6402	6.0	1	1
		3344.28	10985.9225	10985.9170	6.0	1	1
		3796.08	10965.8799	10965.8863	6.0	1	1
		4067.77	10953.7287	10953.7273	6.0	1	1
	coefficients	12
		1.
		8.
		1.000000
		4095.000000
		11030.644669
		-72.214874
		-6.323963
		0.176017
		0.136947
		0.034169
		0.063303
		0.012506

