begin	identify comparison_HIRESY_20170727nm_ecall.0162
	id 	 comparison_HIRESY_20170727nm_ecall.0162
	task	identify
	image	comparison_HIRESY_20170727nm_ecall.0162
	units	Angstroms
	features	13
		246.77	10953.7275	10953.7273	4.0	1	1
		363.97	10950.8721	10950.8672	4.0	1	1
		587.80	10945.2390	10945.2427	6.0	1	1
		1261.81	10926.4329	10926.4365	6.0	1	1
		2199.58	10895.3466	10895.3465	4.0	1	1
		2257.04	10893.2677	10893.2664	6.0	1	1
		2508.94	10883.9236	10883.9231	4.0	1	1
		2792.74	10872.9391	10872.9408	6.0	1	1
		2858.43	10870.3259	10870.3167	6.0	1	1
		2978.65	10865.4738	10865.4782	6.0	1	1
		3013.45	10864.0524	10864.0532	6.0	1	1
		3196.98	10856.4319	10856.4308	6.0	1	1
		3409.14	10847.3739	10847.3746	6.0	1	1
	coefficients	12
		1.
		8.
		1.000000
		4095.000000
		10894.399571
		-71.442094
		-6.267562
		0.164370
		0.134353
		0.027522
		0.064268
		0.011509

