begin	identify comparison_HIRESY_20170727nm_ecall.0179
	id 	 comparison_HIRESY_20170727nm_ecall.0179
	task	identify
	image	comparison_HIRESY_20170727nm_ecall.0179
	units	Angstroms
	features	19
		435.22	9909.1166	9909.1074	4.0	1	1
		457.86	9908.6021	9908.6024	4.0	1	1
		610.02	9905.0773	9905.0717	6.0	1	1
		869.95	9898.7673	9898.7609	4.0	1	1
		1681.36	9876.5238	9876.5220	4.0	1	1
		1741.90	9874.7094	9874.7016	6.0	1	1
		1843.38	9871.6216	9871.6258	4.0	1	1
		1876.31	9870.6073	9870.5958	4.0	1	1
		1982.18	9867.3057	9867.3027	6.0	1	1
		2257.33	9858.4408	9858.4441	4.0	1	1
		2308.07	9856.7617	9856.7660	4.0	1	1
		2445.18	9852.1558	9852.1601	4.0	1	1
		2901.09	9836.1115	9836.1190	4.0	1	1
		3089.84	9829.1354	9829.1436	4.0	1	1
		3281.32	9821.8609	9821.8694	4.0	1	1
		3403.78	9817.1104	9817.1106	6.0	1	1
		3447.79	9815.3860	9815.3879	4.0	1	1
		3674.57	9806.3828	9806.3821	4.0	1	1
		3861.28	9798.8825	9798.8860	4.0	1	1
	coefficients	12
		1.
		8.
		1.000000
		4095.000000
		9859.519367
		-64.712322
		-5.635394
		0.173502
		0.114624
		0.034542
		0.047184
		0.014510

