		159  159   948.57   11141.866  11141.8677   6.0  1  1
		159  159  1118.16  11136.9304  11136.9262   4.0  1  1
		159  159  1302.78  11131.3361  11131.3349   4.0  1  1
		159  159  1390.85  11128.5865  11128.5866   4.0  1  1
		159  159  1438.95  11127.0629  11127.0649   6.0  1  1
		159  159  1601.30  11121.8078  11121.8085   4.0  1  1
		159  159  1739.66  11117.1947  11117.1977   4.0  1  1
		159  159  1963.00  11109.4944  11109.4924   4.0  1  1
		159  159  2093.79   11104.843  11104.8435   4.0  1  1
		159  159  2293.82  11097.5295    11097.53   6.0  1  1
		159  159  2356.34  11095.1942  11095.1938   6.0  1  1
		159  159  2394.18  11093.7694  11093.7671   6.0  1  1
		159  159  2700.79  11081.9024  11081.9033   4.0  1  1
		159  159  2802.61  11077.8328   11077.838   4.0  1  1
		159  159  2829.18  11076.7601  11076.7632   6.0  1  1
		159  159  3230.07  11060.0363  11060.0363   4.0  1  1
		159  159  3276.97  11058.0153  11058.0137   4.0  1  1
		159  159  3348.21  11054.9214  11054.9215   4.0  1  1
		159  159  3477.33  11049.2452  11049.2449   4.0  1  1
		159  159  3698.89  11039.3418  11039.3397   6.0  1  1
		160  160   593.22  11081.9027  11081.9033   4.0  1  1
		160  160   746.16  11077.8399   11077.838   6.0  1  1
		160  160  1358.66  11060.0352  11060.0363   4.0  1  1
		160  160  1423.04  11058.0171  11058.0137   4.0  1  1
		160  160  1520.17  11054.9205  11054.9215   4.0  1  1
		160  160  1693.61  11049.2385  11049.2449   4.0  1  1
		160  160  1784.62  11046.1804   11046.171   4.0  1  1
		160  160  1926.63  11041.3059  11041.3131   6.0  1  1
		160  160  1983.04  11039.3354  11039.3397   4.0  1  1
		160  160  2212.99  11031.1043  11031.1049   6.0  1  1
		160  160  2242.99  11030.0071  11029.9953   6.0  1  1
		160  160  2334.87  11026.6133   11026.614   6.0  1  1
		160  160  2383.77  11024.7865  11024.7865   6.0  1  1
		160  160  2515.22  11019.8044   11019.803   6.0  1  1
		160  160  2895.33  11004.8017  11004.8066   6.0  1  1
		160  160  3173.99  10993.2283   10993.221   6.0  1  1
		160  160  3327.90  10986.6325  10986.6402   6.0  1  1
		160  160  3344.28  10985.9225   10985.917   6.0  1  1
		160  160  3796.08  10965.8799  10965.8863   6.0  1  1
		160  160  4067.77  10953.7287  10953.7273   6.0  1  1
		161  161  2451.74  10953.7266  10953.7273   4.0  1  1
		161  161  3137.27  10926.4324  10926.4365   6.0  1  1
		162  162   246.77  10953.7275  10953.7273   4.0  1  1
		162  162   363.97  10950.8721  10950.8672   4.0  1  1
		162  162   587.80   10945.239  10945.2427   6.0  1  1
		162  162  1261.81  10926.4329  10926.4365   6.0  1  1
		162  162  2199.58  10895.3466  10895.3465   4.0  1  1
		162  162  2257.04  10893.2677  10893.2664   6.0  1  1
		162  162  2508.94  10883.9236  10883.9231   4.0  1  1
		162  162  2792.74  10872.9391  10872.9408   6.0  1  1
		162  162  2858.43  10870.3259  10870.3167   6.0  1  1
		162  162  2978.65  10865.4738  10865.4782   6.0  1  1
		162  162  3013.45  10864.0524  10864.0532   6.0  1  1
		162  162  3196.98  10856.4319  10856.4308   6.0  1  1
		162  162  3409.14  10847.3739  10847.3746   6.0  1  1
		163  163   355.00  10883.9182  10883.9231   4.0  1  1
		163  163   784.69   10872.935  10872.9408   6.0  1  1
		163  163  1053.68  10865.4876  10865.4782   6.0  1  1
		163  163  1103.52   10864.055  10864.0532   4.0  1  1
		163  163  1359.61  10856.4311  10856.4308   6.0  1  1
		163  163  1646.61  10847.3733  10847.3746   6.0  1  1
		163  163  2529.06  10816.3616  10816.3558   4.0  1  1
		163  163  2542.26  10815.8628    10815.86   4.0  1  1
		163  163  2558.67  10815.2411   10815.241   4.0  1  1
		163  163  2695.82   10809.982   10809.974   4.0  1  1
		163  163  2775.49  10806.8744  10806.8759   4.0  1  1
		163  163  3021.54  10797.0294   10797.019   6.0  1  1
		163  163  3218.91  10788.8616  10788.8649   6.0  1  1
		163  163  3379.30  10782.0546  10782.0488   6.0  1  1
		163  163  3428.40  10779.9427  10779.9322   6.0  1  1
		163  163  3512.02  10776.3188  10776.3202   4.0  1  1
		163  163  3580.24  10773.3396  10773.3341   4.0  1  1
		163  163  3835.08  10762.0913  10762.0931   4.0  1  1
		164  164   657.72  10809.9731   10809.974   6.0  1  1
		164  164   775.83   10806.873  10806.8759   6.0  1  1
		164  164  1131.09  10797.0113   10797.019   6.0  1  1
		164  164  1389.08  10789.3252  10789.3195   6.0  1  1
		164  164  1404.07   10788.865  10788.8649   6.0  1  1
		164  164  1620.84  10782.0488  10782.0488   6.0  1  1
		164  164  1686.33  10779.9308  10779.9322   6.0  1  1
		164  164  1796.15  10776.3193  10776.3202   4.0  1  1
		164  164  1824.03  10775.3907  10775.3854   6.0  1  1
		164  164  1885.17  10773.3379  10773.3341   4.0  1  1
		164  164  2208.92  10762.0977  10762.0931   4.0  1  1
		164  164  2342.59  10757.2779  10757.2758   6.0  1  1
		164  164  2393.48  10755.4155  10755.4159   6.0  1  1
		164  164  2610.31  10747.3093  10747.3096   6.0  1  1
		164  164  2677.21  10744.7517  10744.7564   6.0  1  1
		164  164  2880.80  10736.8008  10736.7957   4.0  1  1
		164  164  3053.39  10729.8607  10729.8649   4.0  1  1
		164  164  3126.65  10726.8593  10726.8615   4.0  1  1
		164  164  3167.69  10725.1637  10725.1681   4.0  1  1
		164  164  3391.87  10715.7279  10715.7231   4.0  1  1
		164  164  3664.51  10703.9148  10703.9181   4.0  1  1
		165  165   945.23   10736.802  10736.7957   6.0  1  1
		165  165  1003.97  10735.1727  10735.1836   6.0  1  1
		165  165  1189.92  10729.8647  10729.8649   4.0  1  1
		165  165  1241.33  10728.3568  10728.3566   4.0  1  1
		165  165  1291.72  10726.8618  10726.8615   4.0  1  1
		165  165  1348.18  10725.1669  10725.1681   4.0  1  1
		165  165  1650.95  10715.7259  10715.7231   4.0  1  1
		165  165  1928.41  10706.5719  10706.5779   6.0  1  1
		165  165  2006.43  10703.9147  10703.9181   4.0  1  1
		165  165  2498.72  10686.3293  10686.3317   4.0  1  1
		165  165  2542.50   10684.697  10684.6995   4.0  1  1
		165  165  2633.09  10681.2833  10681.2889   6.0  1  1
		165  165  2758.27  10676.4854  10676.4898   4.0  1  1
		165  165  2887.85  10671.4187  10671.4146   6.0  1  1
		165  165  2995.04  10667.1496  10667.1537   4.0  1  1
		165  165  3422.86  10649.4246  10649.4321   6.0  1  1
		165  165  3617.63   10641.037   10641.037   6.0  1  1
		166  166   392.82  10686.3294  10686.3317   4.0  1  1
		166  166   459.82  10684.6952  10684.6995   4.0  1  1
		166  166   596.16     10681.3  10681.2889   6.0  1  1
		166  166   782.68  10676.4863  10676.4898   4.0  1  1
		166  166   970.71  10671.4175  10671.4146   6.0  1  1
		166  166  1122.67  10667.1541  10667.1537   4.0  1  1
		166  166  1704.88  10649.4279  10649.4321   6.0  1  1
		166  166  1958.82  10641.0329   10641.037   6.0  1  1
		166  166  2071.28   10637.193  10637.1955   6.0  1  1
		166  166  2198.83  10632.7489  10632.7526   6.0  1  1
		166  166  2402.70  10625.4507  10625.4541   6.0  1  1
		166  166  2606.62  10617.9093  10617.9109   6.0  1  1
		166  166  2649.65  10616.2867   10616.291   6.0  1  1
		166  166  2739.64  10612.8576  10612.8596   6.0  1  1
		166  166  2855.81  10608.3588  10608.3652   6.0  1  1
		166  166  3309.95  10589.9875  10589.9979   6.0  1  1
		166  166  3818.08  10568.1887   10568.199   4.0  1  1
		166  166  3866.11  10566.0963  10566.0791   6.0  1  1
		166  166  4021.80  10559.3407  10559.3421   6.0  1  1
		167  167   572.87  10617.9232  10617.9109   6.0  1  1
		167  167   637.79  10616.2882   10616.291   6.0  1  1
		167  167  1567.72  10589.9913  10589.9979   6.0  1  1
		167  167  2223.51  10568.1955   10568.199   4.0  1  1
		167  167  2283.46  10566.0778  10566.0791   6.0  1  1
		167  167  2470.47  10559.3391  10559.3421   6.0  1  1
		167  167  2514.45   10557.725  10557.7281   6.0  1  1
		167  167  2540.10  10556.7784  10556.7746   6.0  1  1
		167  167  2768.60  10548.1751  10548.1812   6.0  1  1
		167  167  2880.76  10543.8381  10543.8421   6.0  1  1
		167  167  3072.13  10536.2625  10536.2691   6.0  1  1
		167  167  3172.09  10532.2176   10532.212   4.0  1  1
		167  167  3209.98   10530.669  10530.6705   6.0  1  1
		167  167  3257.31  10528.7228  10528.7222   6.0  1  1
		167  167  3409.27  10522.3904   10522.393   6.0  1  1
		167  167  3440.82  10521.0606  10521.0667   6.0  1  1
		167  167  3581.35  10515.0824  10515.0846   6.0  1  1
		167  167  3713.88  10509.3793  10509.3808   4.0  1  1
		167  167  3899.02  10501.3654  10501.3683   6.0  1  1
		168  168   383.09  10559.3448  10559.3421   6.0  1  1
		168  168   450.09  10557.7322  10557.7281   6.0  1  1
		168  168   989.80  10543.8411  10543.8421   6.0  1  1
		168  168  1136.33  10539.7601  10539.7504   6.0  1  1
		168  168  1257.93  10536.2681  10536.2691   6.0  1  1
		168  168  1394.97  10532.2182   10532.212   4.0  1  1
		168  168  1446.25  10530.6719  10530.6705   6.0  1  1
		168  168  1510.17  10528.7211  10528.7222   4.0  1  1
		168  168  1712.09  10522.3915   10522.393   4.0  1  1
		168  168  1753.38  10521.0664  10521.0667   6.0  1  1
		168  168  1935.96  10515.0853  10515.0846   4.0  1  1
		168  168  2104.79   10509.381  10509.3808   4.0  1  1
		168  168  2217.93  10505.4667  10505.4666   4.0  1  1
		168  168  2334.18  10501.3686  10501.3683   4.0  1  1
		168  168  2414.73  10498.4838  10498.4792   6.0  1  1
		168  168  2436.01  10497.7154  10497.7153   4.0  1  1
		168  168  2507.02  10495.1327  10495.1323   6.0  1  1
		168  168  2637.88  10490.2966  10490.2983   6.0  1  1
		168  168  2745.55  10486.2422  10486.2378   4.0  1  1
		168  168  2884.57  10480.9053  10480.9049   4.0  1  1
		168  168  3087.10  10472.9225  10472.9222   4.0  1  1
		168  168  3158.48  10470.0505  10470.0489   4.0  1  1
		168  168  3340.62  10462.5886  10462.5866   4.0  1  1
		168  168  3561.38  10453.3131  10453.3054   4.0  1  1
		169  169  1009.48  10480.9051  10480.9049   4.0  1  1
		169  169  1291.98  10472.9224  10472.9222   4.0  1  1
		169  169  1389.38  10470.0516  10470.0489   4.0  1  1
		169  169  1633.65  10462.5891  10462.5866   4.0  1  1
		169  169  1922.06  10453.3103  10453.3054   4.0  1  1
		169  169  2215.43   10443.374  10443.3703   4.0  1  1
		169  169  2244.30  10442.3697  10442.3661   6.0  1  1
		169  169  2319.67  10439.7254  10439.7237   6.0  1  1
		169  169  2369.63  10437.9548  10437.9539   6.0  1  1
		169  169  2520.24   10432.531   10432.528   4.0  1  1
		169  169  2962.44  10415.8439  10415.8448   6.0  1  1
		170  170   491.44  10432.5186   10432.528   6.0  1  1
		170  170   890.46  10422.4349  10422.4336   6.0  1  1
		170  170  1132.52  10415.8473  10415.8448   6.0  1  1
		170  170  1474.79  10405.8978  10405.9024   6.0  1  1
		170  170  2486.32  10372.3712  10372.3674   6.0  1  1
		170  170  2744.95  10362.8577  10362.8404   6.0  1  1
		170  170  2794.00  10361.0095  10361.0062   6.0  1  1
		170  170  2997.75    10353.18  10353.1678   6.0  1  1
		170  170  3030.75  10351.8887  10351.8842   4.0  1  1
		170  170  3094.47  10349.3772   10349.372   6.0  1  1
		170  170  3434.86  10335.5695  10335.5558   4.0  1  1
		171  171   908.22  10361.0057  10361.0062   6.0  1  1
		171  171  1240.38  10351.8854  10351.8842   4.0  1  1
		171  171  1781.11  10335.5633  10335.5558   4.0  1  1
		171  171  2479.13  10311.9553  10311.9479   4.0  1  1
		171  171  2495.37  10311.3733  10311.3693   6.0  1  1
		171  171  2697.82  10303.9915  10303.9896   6.0  1  1
		171  171  2913.56  10295.8637  10295.8698   4.0  1  1
		171  171  3018.37  10291.8163  10291.8111   4.0  1  1
		171  171  3167.76   10285.936   10285.934   4.0  1  1
		171  171  3532.10  10271.0816  10271.0735   4.0  1  1
		171  171  3791.66  10260.1695    10260.18   4.0  1  1
		171  171  3870.41  10256.8385  10256.8369   4.0  1  1
		172  172   459.52  10311.9492  10311.9479   4.0  1  1
		172  172   783.76  10303.9769  10303.9896   6.0  1  1
		172  172  1090.44   10295.865  10295.8698   4.0  1  1
		172  172  1236.36  10291.7998  10291.8111   6.0  1  1
		172  172  1438.97   10285.934   10285.934   4.0  1  1
		172  172  1799.47  10274.8763  10274.8728   6.0  1  1
		172  172  1827.02  10273.9995  10274.0032   6.0  1  1
		172  172  1917.72  10271.0818  10271.0735   4.0  1  1
		172  172  2221.21  10260.9787  10260.9782   6.0  1  1
		172  172  2244.58  10260.1793    10260.18   4.0  1  1
		172  172  2296.72  10258.3848  10258.3908   4.0  1  1
		172  172  2341.35  10256.8366  10256.8369   4.0  1  1
		172  172  2436.75    10253.49  10253.4884   6.0  1  1
		172  172  2524.66   10250.361  10250.3651   4.0  1  1
		172  172  2838.52  10238.8303  10238.8331   4.0  1  1
		172  172  3159.32  10226.4533  10226.4605   6.0  1  1
		172  172  3226.27  10223.7953   10223.797   4.0  1  1
		172  172  3290.34  10221.2283  10221.2329   6.0  1  1
		172  172  3460.17  10214.3203  10214.3319   6.0  1  1
		173  173   542.36  10250.3591  10250.3651   4.0  1  1
		173  173   997.77  10238.8348  10238.8331   4.0  1  1
		173  173  1439.07  10226.4598  10226.4605   6.0  1  1
		173  173  1528.69  10223.7996   10223.797   6.0  1  1
		173  173  1613.71   10221.231  10221.2329   6.0  1  1
		173  173  1835.56  10214.3264  10214.3319   6.0  1  1
		173  173  2521.56   10191.207  10191.2078   6.0  1  1
		173  173  2629.69  10187.3229  10187.3305   6.0  1  1
		173  173  2737.58  10183.3813  10183.3832   6.0  1  1
		173  173  2793.73  10181.3036  10181.3088   4.0  1  1
		173  173  2887.52  10177.7924  10177.7965   4.0  1  1
		173  173  3189.02  10166.1603   10166.165   4.0  1  1
		173  173  3659.73   10147.041   10147.045   4.0  1  1
		173  173  3728.43  10144.1804  10144.1765   4.0  1  1
		174  174   866.78  10183.3964  10183.3832   6.0  1  1
		174  174   947.14  10181.3099  10181.3088   4.0  1  1
		174  174  1079.16  10177.7965  10177.7965   4.0  1  1
		174  174  1490.31  10166.1653   10166.165   4.0  1  1
		174  174  2100.53  10147.0409   10147.045   4.0  1  1
		174  174  2186.61  10144.1731  10144.1765   4.0  1  1
		174  174  2215.37  10143.2058  10143.2103   6.0  1  1
		174  174  2305.02  10140.1612  10140.1646   6.0  1  1
		174  174  2415.75  10136.3395  10136.3434   4.0  1  1
		174  174  2614.22  10129.3194  10129.3258   6.0  1  1
		174  174  2848.05  10120.7636  10120.7629   6.0  1  1
		174  174  3017.63  10114.3626  10114.3659   4.0  1  1
		174  174  3582.71  10091.8958  10091.9003   4.0  1  1
		174  174  3711.99  10086.5615  10086.5493   4.0  1  1
		175  175    54.17  10144.1764  10144.1765   6.0  1  1
		175  175   406.96  10136.3444  10136.3434   4.0  1  1
		175  175  1036.74  10120.7547  10120.7629   6.0  1  1
		175  175  1270.53  10114.3671  10114.3659   4.0  1  1
		175  175  1581.56  10105.3513  10105.3442   6.0  1  1
		175  175  2013.03  10091.9005  10091.9003   4.0  1  1
		175  175  2096.74   10089.169  10089.1684   6.0  1  1
		175  175  2175.94  10086.5489  10086.5493   4.0  1  1
		175  175  2203.14  10085.6411  10085.6428   4.0  1  1
		175  175  2252.28  10083.9908  10083.9863   6.0  1  1
		175  175  2302.25  10082.2991  10082.3034   6.0  1  1
		175  175  2320.91  10081.6639  10081.6685   6.0  1  1
		175  175  2605.61  10071.7341  10071.7355   4.0  1  1
		175  175  2953.48  10058.9852  10058.9656   6.0  1  1
		175  175  2986.93   10057.723  10057.7181   6.0  1  1
		175  175  3063.81  10054.7977  10054.7963   4.0  1  1
		175  175  3167.81  10050.7873  10050.7908   6.0  1  1
		175  175  3387.75  10042.1124  10042.1157   4.0  1  1
		175  175  3627.64  10032.3923  10032.3914   4.0  1  1
		176  176   702.41  10071.7409  10071.7355   4.0  1  1
		176  176  1241.03  10057.7015  10057.7181   6.0  1  1
		176  176  1344.56  10054.8014  10054.7963   4.0  1  1
		176  176  1484.16  10050.7879  10050.7908   6.0  1  1
		176  176  1576.85  10048.0587  10048.0663   6.0  1  1
		176  176  1772.97  10042.1177  10042.1157   4.0  1  1
		176  176  1845.62  10039.8607  10039.8706   6.0  1  1
		176  176  1968.51  10035.9751  10035.9713   6.0  1  1
		176  176  2079.39  10032.3971  10032.3914   4.0  1  1
		176  176  2615.68  10014.1416  10014.1395   6.0  1  1
		176  176  2956.99  10001.6948  10001.7006   6.0  1  1
		176  176  3091.56  9996.60633   9996.6026   4.0  1  1
		176  176  3123.57  9995.38094   9995.3872   6.0  1  1
		176  176  3252.91  9990.37215   9990.3729   4.0  1  1
		176  176  3318.80  9987.78616   9987.7871   4.0  1  1
		176  176  3577.69  9977.42647   9977.4234   6.0  1  1
		176  176  3681.57  9973.19879   9973.1955   6.0  1  1
		176  176  3765.15  9969.77972    9969.779   6.0  1  1
		177  177  1210.21  10001.7058  10001.7006   6.0  1  1
		177  177  1392.84  9996.61027   9996.6026   4.0  1  1
		177  177  1607.18  9990.37502   9990.3729   4.0  1  1
		177  177  1693.42  9987.79011   9987.7871   4.0  1  1
		177  177  2026.02  9977.42476   9977.4234   4.0  1  1
		177  177  2156.30  9973.19753   9973.1955   4.0  1  1
		177  177  2259.68  9969.77745    9969.779   4.0  1  1
		177  177  2365.30  9966.22353   9966.2223   4.0  1  1
		177  177  2523.42  9960.79006   9960.7846   6.0  1  1
		177  177  2684.95  9955.09832   9955.0986   6.0  1  1
		177  177  2699.57  9954.57606   9954.5763   4.0  1  1
		177  177  2774.55  9951.87892   9951.8804   4.0  1  1
		177  177  2940.70  9945.79014   9945.7901   4.0  1  1
		177  177  3053.36  9941.57331    9941.561   6.0  1  1
		177  177  3632.17  9918.86786    9918.878   6.0  1  1
		178  178   842.07  9955.09948   9955.0986   6.0  1  1
		178  178   862.90  9954.57763   9954.5763   4.0  1  1
		178  178   969.12  9951.87693   9951.8804   4.0  1  1
		178  178  1199.39  9945.79111   9945.7901   4.0  1  1
		178  178  1352.25  9941.57485    9941.561   6.0  1  1
		178  178  1656.99  9932.75425   9932.7656   6.0  1  1
		178  178  1746.78  9930.05219   9930.0464   6.0  1  1
		178  178  2103.43  9918.87338    9918.878   6.0  1  1
		178  178  2257.43  9913.83165   9913.8299   4.0  1  1
		178  178  2288.69  9912.79265   9912.7921   6.0  1  1
		178  178  2366.37  9910.18806    9910.188   6.0  1  1
		178  178  2398.23  9909.11043   9909.1074   4.0  1  1
		178  178  2413.16  9908.60355   9908.6024   4.0  1  1
		178  178  2516.19  9905.07292   9905.0717   4.0  1  1
		178  178  2630.75  9901.07963   9901.0661   6.0  1  1
		178  178  2696.25  9898.76425   9898.7609   4.0  1  1
		178  178  3294.63  9876.51418    9876.522   6.0  1  1
		178  178  3445.58  9870.60143   9870.5958   6.0  1  1
		178  178  3748.84  9858.45544   9858.4441   4.0  1  1
		178  178  3790.91  9856.75389    9856.766   4.0  1  1
		179  179   435.22  9909.11657   9909.1074   4.0  1  1
		179  179   457.86  9908.60211   9908.6024   4.0  1  1
		179  179   610.02  9905.07729   9905.0717   6.0  1  1
		179  179   869.95   9898.7673   9898.7609   4.0  1  1
		179  179  1681.36  9876.52379    9876.522   4.0  1  1
		179  179  1741.90  9874.70937   9874.7016   6.0  1  1
		179  179  1843.38  9871.62159   9871.6258   4.0  1  1
		179  179  1876.31  9870.60726   9870.5958   4.0  1  1
		179  179  1982.18  9867.30568   9867.3027   6.0  1  1
		179  179  2257.33  9858.44079   9858.4441   4.0  1  1
		179  179  2308.07  9856.76172    9856.766   4.0  1  1
		179  179  2445.18  9852.15584   9852.1601   4.0  1  1
		179  179  2901.09  9836.11154  9836.11902   4.0  1  1
		179  179  3089.84  9829.13537  9829.14356   4.0  1  1
		179  179  3281.32   9821.8609   9821.8694   4.0  1  1
		179  179  3403.78  9817.11039   9817.1106   6.0  1  1
		179  179  3447.79  9815.38602   9815.3879   4.0  1  1
		179  179  3674.57  9806.38278   9806.3821   4.0  1  1
		179  179  3861.28  9798.88248  9798.88603   4.0  1  1
		180  180   313.02  9856.76254    9856.766   4.0  1  1
		180  180   518.50  9852.14878   9852.1601   4.0  1  1
		180  180  1166.83   9836.1115  9836.11902   4.0  1  1
		180  180  1421.60  9829.13939  9829.14356   4.0  1  1
		180  180  1673.60  9821.86854   9821.8694   6.0  1  1
		180  180  1832.11  9817.10944   9817.1106   6.0  1  1
		180  180  1888.44  9815.38448   9815.3879   4.0  1  1
		180  180  2173.93  9806.37672   9806.3821   4.0  1  1
		180  180  2401.61  9798.88109  9798.88603   4.0  1  1
		180  180  2598.12  9792.19056   9792.1955   6.0  1  1
		180  180  2741.51  9787.17816  9787.18601   4.0  1  1
		180  180  2781.27  9785.76862   9785.7642   6.0  1  1
		180  180  3043.75  9776.24698   9776.2468   4.0  1  1
		180  180  3281.81  9767.28908   9767.2828   6.0  1  1
		180  180  3436.44  9761.31668    9761.312   4.0  1  1
		180  180  3500.01  9758.83013   9758.8194   4.0  1  1
		180  180  3744.39  9749.14296  9749.13518   4.0  1  1
		181  181   465.94  9798.88637  9798.88603   4.0  1  1
		181  181   956.67  9787.17715  9787.18601   4.0  1  1
		181  181  1012.28   9785.7654   9785.7642   6.0  1  1
		181  181  1370.25  9776.24384   9776.2468   4.0  1  1
		181  181  1513.84   9772.2132   9772.2128   4.0  1  1
		181  181  1882.96  9761.31091    9761.312   4.0  1  1
		181  181  1929.19  9759.89206   9759.8948   4.0  1  1
		181  181  1963.98  9758.81666   9758.8194   4.0  1  1
		181  181  2045.63  9756.26711   9756.2665   4.0  1  1
		181  181  2268.40  9749.13038  9749.13518   4.0  1  1
		181  181  2503.98  9741.29882   9741.2929   4.0  1  1
		181  181  2574.80  9738.88737   9738.8807   4.0  1  1
		181  181  3073.09  9721.16206    9721.157   4.0  1  1
		181  181  3500.57  9704.91432   9704.9327   6.0  1  1
		181  181  3543.78  9703.22528  9703.22299   4.0  1  1
		182  182   278.51  9749.13633  9749.13518   4.0  1  1
		182  182  1419.16  9721.15757    9721.157   6.0  1  1
		182  182  1502.69  9718.81774   9718.8062   6.0  1  1
		182  182  1972.30  9704.92933   9704.9327   6.0  1  1
		182  182  2027.28   9703.2242  9703.22299   4.0  1  1
		182  182  2202.34  9697.68802    9697.689   4.0  1  1
		182  182  2745.44  9679.49171   9679.4902   6.0  1  1
		182  182  2803.90  9677.44064   9677.4442   4.0  1  1
		182  182  3084.29  9667.34938  9667.34842   4.0  1  1
		182  182  3112.97  9666.29352   9666.2936   6.0  1  1
		182  182  3270.02  9660.43526  9660.43489   4.0  1  1
		183  183   983.62  9679.49384   9679.4902   6.0  1  1
		183  183  1064.83  9677.43676   9677.4442   6.0  1  1
		183  183  1443.37  9667.34783  9667.34842   4.0  1  1
		183  183  1481.19  9666.29449   9666.2936   6.0  1  1
		183  183  2162.21  9645.96432    9645.964   4.0  1  1
		183  183  2188.72  9645.12231   9645.1213   6.0  1  1
		183  183  2490.46  9635.28332  9635.28533   4.0  1  1
		183  183  2546.32  9633.41037   9633.3859   6.0  1  1
		183  183  2581.94  9632.20736  9632.20992   4.0  1  1
		183  183  2637.84  9630.30632   9630.3112   6.0  1  1
		183  183  2709.94  9627.83055   9627.8381   4.0  1  1
		183  183  2830.15  9623.64215    9623.634   4.0  1  1
		183  183  3035.05  9616.32719   9616.3278   4.0  1  1
		183  183  3177.13  9611.12448   9611.1217   6.0  1  1
		183  183  3352.34    9604.565   9604.5654   4.0  1  1
		184  184   632.57  9635.28539  9635.28533   4.0  1  1
		184  184   764.19  9632.20891  9632.20992   4.0  1  1
		184  184   944.21  9627.84562   9627.8381   6.0  1  1
		184  184  1111.35  9623.63162    9623.634   4.0  1  1
		184  184  1387.36  9616.32538   9616.3278   4.0  1  1
		184  184  1558.70  9611.57154    9611.571   6.0  1  1
		184  184  1574.60  9611.12219   9611.1217   6.0  1  1
		184  184  1801.10  9604.56494   9604.5654   4.0  1  1
		184  184  2017.94   9598.0244   9598.0224   6.0  1  1
		184  184  2179.90  9592.97634   9592.9729   6.0  1  1
		184  184  2284.41  9589.64627   9589.6567   4.0  1  1
		184  184  2413.87  9585.44328   9585.4414   4.0  1  1
		184  184  2578.51  9579.97426   9579.9731   4.0  1  1
		184  184  2856.14  9570.43662   9570.4533   6.0  1  1
		184  184  2871.16  9569.90947    9569.904   6.0  1  1
		184  184  3040.81  9563.87076  9563.86735   4.0  1  1
		184  184  3239.53  9556.60533   9556.6055   6.0  1  1
