		159  159  1179.60  11136.9271  11136.9262   4.0  1  1
		159  159  1656.44  11121.8148  11121.8085   4.0  1  1
		159  159  2014.21  11109.4999  11109.4924   4.0  1  1
		159  159  2143.88  11104.8422  11104.8435   4.0  1  1
		159  159  2746.00  11081.9067  11081.9033   4.0  1  1
		159  159  3388.79  11054.9302  11054.9215   4.0  1  1
		159  159  1012.09  11141.8714  11141.8677   4.0  1  1
		159  159  1448.71  11128.5862  11128.5866   4.0  1  1
		159  159  1496.61  11127.0503  11127.0649   4.0  1  1
		159  159  1793.07  11117.2071  11117.1977   4.0  1  1
		159  159  2441.69  11093.7679  11093.7671   4.0  1  1
		159  159  2846.98  11077.8444   11077.838   4.0  1  1
		160  160   662.25   11081.898  11081.9033   4.0  1  1
		160  160  1416.29   11060.035  11060.0363   4.0  1  1
		160  160  1479.96   11058.014  11058.0137   4.0  1  1
		160  160  1575.94  11054.9163  11054.9215   4.0  1  1
		160  160  1747.20  11049.2398  11049.2449   4.0  1  1
		160  160  2430.86  11024.7804  11024.7865   4.0  1  1
		160  160  2561.27  11019.7996   11019.803   4.0  1  1
		160  160  2938.46  11004.8084  11004.8066   4.0  1  1
		160  160  3368.38  10986.6271  10986.6402   4.0  1  1
		160  160  1837.28  11046.1789   11046.171   4.0  1  1
		160  160  1977.61  11041.3103  11041.3131   4.0  1  1
		160  160  2382.18  11026.6138   11026.614   4.0  1  1
		160  160  3835.79  10965.8861  10965.8863   4.0  1  1
		161  161  2169.32  10965.8818  10965.8863   4.0  1  1
		161  161  2497.55  10953.7244  10953.7273   4.0  1  1
		161  161  2572.30  10950.8669  10950.8672   4.0  1  1
		161  161  2716.92  10945.2421  10945.2427   4.0  1  1
		161  161  3178.12  10926.4347  10926.4365   4.0  1  1
		162  162   320.13  10953.7288  10953.7273   4.0  1  1
		162  162   436.46  10950.8589  10950.8672   4.0  1  1
		162  162   656.03  10945.2428  10945.2427   4.0  1  1
		162  162  1319.44  10926.4362  10926.4365   4.0  1  1
		162  162  2246.93  10895.3427  10895.3465   4.0  1  1
		162  162  2553.69  10883.9195  10883.9231   4.0  1  1
		162  162  2835.29  10872.9378  10872.9408   4.0  1  1
		162  162  3054.43  10864.0527  10864.0532   4.0  1  1
		162  162  2303.88  10893.2637  10893.2664   4.0  1  1
		162  162  3019.78  10865.4774  10865.4782   4.0  1  1
		162  162  3236.88  10856.4274  10856.4308   4.0  1  1
		163  163   426.28  10883.9311  10883.9231   4.0  1  1
		163  163  1163.03  10864.0537  10864.0532   4.0  1  1
		163  163  1415.37   10856.434  10856.4308   4.0  1  1
		163  163  1698.99  10847.3706  10847.3746   4.0  1  1
		163  163  2573.03  10816.3559  10816.3558   4.0  1  1
		163  163  2586.06  10815.8595    10815.86   4.0  1  1
		163  163  2738.43  10809.9787   10809.974   4.0  1  1
		163  163  3062.00  10797.0185   10797.019   4.0  1  1
		163  163  3257.83  10788.8627  10788.8649   4.0  1  1
		163  163  3466.56  10779.9306  10779.9322   4.0  1  1
		163  163  3549.61  10776.3188  10776.3202   4.0  1  1
		163  163  3617.71  10773.3379  10773.3341   4.0  1  1
		163  163   848.77  10872.9489  10872.9408   4.0  1  1
		163  163  1114.20   10865.479  10865.4782   4.0  1  1
		163  163  2817.44  10806.8737  10806.8759   4.0  1  1
		164  164   839.97  10806.8768  10806.8759   4.0  1  1
		164  164  1458.75  10788.8656  10788.8649   4.0  1  1
		164  164  1737.53  10779.9324  10779.9322   4.0  1  1
		164  164  1846.18  10776.3193  10776.3202   4.0  1  1
		164  164  2254.90  10762.0957  10762.0931   4.0  1  1
		164  164  2387.39  10757.2754  10757.2758   4.0  1  1
		164  164  2652.79  10747.3106  10747.3096   4.0  1  1
		164  164  2921.28  10736.8003  10736.7957   4.0  1  1
		164  164  3092.60  10729.8636  10729.8649   4.0  1  1
		164  164  3429.24  10715.7269  10715.7231   4.0  1  1
		164  164  3701.07   10703.918  10703.9181   4.0  1  1
		164  164  1189.14  10797.0253   10797.019   4.0  1  1
		164  164  1444.10  10789.3213  10789.3195   4.0  1  1
		164  164  1672.91  10782.0468  10782.0488   4.0  1  1
		164  164  1934.32  10773.3355  10773.3341   4.0  1  1
		164  164  2437.73  10755.4172  10755.4159   4.0  1  1
		164  164  2719.09  10744.7559  10744.7564   4.0  1  1
		164  164  3129.24  10728.3566  10728.3566   4.0  1  1
		164  164  3165.42  10726.8608  10726.8615   4.0  1  1
		164  164  3206.11  10725.1691  10725.1681   4.0  1  1
		165  165  1006.04  10736.8052  10736.7957   4.0  1  1
		165  165  1064.00   10735.171  10735.1836   4.0  1  1
		165  165  1247.03  10729.8648  10729.8649   4.0  1  1
		165  165  1403.01  10725.1685  10725.1681   4.0  1  1
		165  165  1701.99  10715.7273  10715.7231   4.0  1  1
		165  165  2053.58  10703.9186  10703.9181   4.0  1  1
		165  165  2541.52  10686.3287  10686.3317   4.0  1  1
		165  165  2584.93  10684.6965  10684.6995   4.0  1  1
		165  165  2798.93  10676.4873  10676.4898   4.0  1  1
		165  165  3033.97  10667.1522  10667.1537   4.0  1  1
		165  165  3653.58  10641.0367   10641.037   4.0  1  1
		165  165  1297.68  10728.3573  10728.3566   4.0  1  1
		165  165  1347.39  10726.8614  10726.8615   4.0  1  1
		165  165  2674.61  10681.2896  10681.2889   4.0  1  1
		165  165  2927.67  10671.4158  10671.4146   4.0  1  1
		165  165  3459.10  10649.4373  10649.4321   4.0  1  1
		166  166   462.00  10686.3391  10686.3317   4.0  1  1
		166  166   527.92  10684.7072  10684.6995   4.0  1  1
		166  166   845.49   10676.495  10676.4898   4.0  1  1
		166  166  1031.23  10671.4021  10671.4146   4.0  1  1
		166  166  1180.19  10667.1557  10667.1537   4.0  1  1
		166  166  1754.56  10649.4351  10649.4321   4.0  1  1
		166  166  2005.90  10641.0359   10641.037   4.0  1  1
		166  166  2117.19  10637.1977  10637.1955   4.0  1  1
		166  166  2243.61  10632.7506  10632.7526   4.0  1  1
		166  166  2647.92  10617.9083  10617.9109   4.0  1  1
		166  166  2690.46  10616.2912   10616.291   4.0  1  1
		166  166  2895.06  10608.3625  10608.3652   4.0  1  1
		166  166  3853.05  10568.1985   10568.199   4.0  1  1
		166  166  2445.48  10625.4583  10625.4541   4.0  1  1
		166  166  2779.65  10612.8657  10612.8596   4.0  1  1
		166  166  3346.14  10589.9971  10589.9979   4.0  1  1
		167  167   639.92  10617.9003  10617.9109   4.0  1  1
		167  167  2267.42  10568.1994   10568.199   4.0  1  1
		167  167  2512.17  10559.3433  10559.3421   4.0  1  1
		167  167  2555.75  10557.7302  10557.7281   4.0  1  1
		167  167  2919.24   10543.841  10543.8421   4.0  1  1
		167  167  3208.67   10532.218   10532.212   4.0  1  1
		167  167  3246.29  10530.6712  10530.6705   4.0  1  1
		167  167  3444.45  10522.3959   10522.393   4.0  1  1
		167  167  3615.96  10515.0847  10515.0846   4.0  1  1
		167  167  3748.32   10509.378  10509.3808   4.0  1  1
		167  167   702.38  10616.3003   10616.291   4.0  1  1
		167  167  1618.62  10589.9931  10589.9979   4.0  1  1
		167  167  2326.91  10566.0784  10566.0791   4.0  1  1
		167  167  2581.19  10556.7834  10556.7746   4.0  1  1
		167  167  2807.90  10548.1786  10548.1812   4.0  1  1
		167  167  3109.14  10536.2711  10536.2691   4.0  1  1
		167  167  3293.34  10528.7253  10528.7222   4.0  1  1
		167  167  3475.98   10521.061  10521.0667   4.0  1  1
		167  167  3933.54  10501.3691  10501.3683   4.0  1  1
		168  168   452.04  10559.3291  10559.3421   4.0  1  1
		168  168  1048.13  10543.8468  10543.8421   4.0  1  1
		168  168  1312.34    10536.27  10536.2691   4.0  1  1
		168  168  1447.51    10532.22   10532.212   4.0  1  1
		168  168  1760.81  10522.3915   10522.393   4.0  1  1
		168  168  1982.22  10515.0864  10515.0846   4.0  1  1
		168  168  2149.36   10509.382  10509.3808   4.0  1  1
		168  168  2376.64  10501.3681  10501.3683   4.0  1  1
		168  168  2477.60  10497.7138  10497.7153   4.0  1  1
		168  168  2547.99  10495.1313  10495.1323   4.0  1  1
		168  168  2784.60  10486.2401  10486.2378   4.0  1  1
		168  168  2922.56  10480.9037  10480.9049   4.0  1  1
		168  168  3123.65  10472.9224  10472.9222   4.0  1  1
		168  168  3375.69  10462.5881  10462.5866   4.0  1  1
		168  168  1193.46  10539.7349  10539.7504   4.0  1  1
		168  168  1498.17  10530.6723  10530.6705   4.0  1  1
		168  168  1561.19  10528.7243  10528.7222   4.0  1  1
		168  168  1801.76  10521.0624  10521.0667   4.0  1  1
		168  168  2261.47  10505.4658  10505.4666   4.0  1  1
		168  168  2677.52  10490.3044  10490.2983   4.0  1  1
		168  168  3194.58  10470.0504  10470.0489   4.0  1  1
		168  168  3595.73  10453.3028  10453.3054   4.0  1  1
		169  169  1067.08  10480.9064  10480.9049   4.0  1  1
		169  169  1345.53  10472.9194  10472.9222   4.0  1  1
		169  169  1682.82  10462.5868  10462.5866   4.0  1  1
		169  169  1968.06  10453.3071  10453.3054   4.0  1  1
		169  169  2258.53  10443.3705  10443.3703   4.0  1  1
		169  169  2411.21  10437.9549  10437.9539   4.0  1  1
		169  169  2560.58  10432.5286   10432.528   4.0  1  1
		169  169  1441.66  10470.0472  10470.0489   4.0  1  1
		169  169  2287.14  10442.3657  10442.3661   4.0  1  1
		169  169  2361.65  10439.7273  10439.7237   4.0  1  1
		169  169  2999.26   10415.845  10415.8448   4.0  1  1
		170  170   557.03  10432.5135   10432.528   4.0  1  1
		170  170   949.18  10422.4414  10422.4336   4.0  1  1
		170  170  2526.50  10372.3663  10372.3674   4.0  1  1
		170  170  2831.74  10361.0026  10361.0062   4.0  1  1
		170  170  3066.76   10351.883  10351.8842   4.0  1  1
		170  170  3468.60  10335.5607  10335.5558   4.0  1  1
		170  170  1188.08  10415.8367  10415.8448   4.0  1  1
		170  170  2783.29  10362.8423  10362.8404   4.0  1  1
		170  170  3130.06  10349.3713   10349.372   4.0  1  1
		171  171   966.23  10361.0072  10361.0062   4.0  1  1
		171  171  1293.47  10351.8851  10351.8842   4.0  1  1
		171  171  1827.58  10335.5606  10335.5558   4.0  1  1
		171  171  2518.91   10311.949  10311.9479   4.0  1  1
		171  171  2535.01   10311.367  10311.3693   4.0  1  1
		171  171  2735.71  10303.9885  10303.9896   4.0  1  1
		171  171  2949.66  10295.8671  10295.8698   4.0  1  1
		171  171  3054.00  10291.8096  10291.8111   4.0  1  1
		171  171  3202.31  10285.9338   10285.934   4.0  1  1
		171  171  3564.78  10271.0799  10271.0735   4.0  1  1
		171  171  3823.57  10260.1756    10260.18   4.0  1  1
		171  171  3902.43  10256.8414  10256.8369   4.0  1  1
		172  172   524.06  10311.9443  10311.9479   4.0  1  1
		172  172   843.10  10303.9789  10303.9896   4.0  1  1
		172  172  1489.00  10285.9306   10285.934   4.0  1  1
		172  172  1962.13  10271.0823  10271.0735   4.0  1  1
		172  172  2262.60  10260.9802  10260.9782   4.0  1  1
		172  172  2285.77  10260.1802    10260.18   4.0  1  1
		172  172  2381.63  10256.8385  10256.8369   4.0  1  1
		172  172  2874.71  10238.8331  10238.8331   4.0  1  1
		172  172  3259.83  10223.8002   10223.797   4.0  1  1
		172  172  3323.59  10221.2311  10221.2329   4.0  1  1
		172  172  1145.20  10295.8631  10295.8698   4.0  1  1
		172  172  1288.82  10291.8039  10291.8111   4.0  1  1
		172  172  1845.33  10274.8706  10274.8728   4.0  1  1
		172  172  1872.27  10274.0038  10274.0032   4.0  1  1
		172  172  2337.32  10258.3895  10258.3908   4.0  1  1
		172  172  2476.26  10253.4894  10253.4884   4.0  1  1
		172  172  2563.35  10250.3629  10250.3651   4.0  1  1
		172  172  3193.31   10226.457  10226.4605   4.0  1  1
		172  172  3492.59  10214.3228  10214.3319   4.0  1  1
		173  173  1053.07  10238.8403  10238.8331   4.0  1  1
		173  173  1576.95  10223.8008   10223.797   4.0  1  1
		173  173  1660.91  10221.2336  10221.2329   4.0  1  1
		173  173  1880.25  10214.3301  10214.3319   4.0  1  1
		173  173  2559.82  10191.2088  10191.2078   4.0  1  1
		173  173  2666.99  10187.3275  10187.3305   4.0  1  1
		173  173  2774.05  10183.3852  10183.3832   4.0  1  1
		173  173  2829.78  10181.3072  10181.3088   4.0  1  1
		173  173  3222.31  10166.1668   10166.165   4.0  1  1
		173  173  1488.41  10226.4618  10226.4605   4.0  1  1
		173  173  2922.92  10177.7945  10177.7965   4.0  1  1
		173  173  3691.10   10147.041   10147.045   4.0  1  1
		173  173  3759.81  10144.1743  10144.1765   4.0  1  1
		174  174  1002.63  10181.3152  10181.3088   4.0  1  1
		174  174  1538.58  10166.1653   10166.165   4.0  1  1
		174  174  2142.09  10147.0439   10147.045   4.0  1  1
		174  174  2227.34  10144.1765  10144.1765   4.0  1  1
		174  174  2255.81    10143.21  10143.2103   4.0  1  1
		174  174  2454.42  10136.3431  10136.3434   4.0  1  1
		174  174  2883.37  10120.7631  10120.7629   4.0  1  1
		174  174  3051.57  10114.3692  10114.3659   4.0  1  1
		174  174  3613.77  10091.9005  10091.9003   4.0  1  1
		174  174  1132.83   10177.799  10177.7965   4.0  1  1
		174  174  2344.46  10140.1718  10140.1646   4.0  1  1
		174  174  2651.50  10129.3133  10129.3258   4.0  1  1
		174  174  3743.12  10086.5497  10086.5493   4.0  1  1
		175  175   469.02    10136.36  10136.3434   4.0  1  1
		175  175  1089.98   10120.771  10120.7629   4.0  1  1
		175  175  1321.12  10114.3678  10114.3659   4.0  1  1
		175  175  2055.09  10091.9002  10091.9003   4.0  1  1
		175  175  2216.42  10086.5492  10086.5493   4.0  1  1
		175  175  2243.34  10085.6423  10085.6428   4.0  1  1
		175  175  2642.33  10071.7355  10071.7355   4.0  1  1
		175  175  3097.17  10054.7983  10054.7963   4.0  1  1
		175  175  3658.26   10032.393  10032.3914   4.0  1  1
		175  175   120.89   10144.177  10144.1765   4.0  1  1
		175  175  1628.56  10105.3421  10105.3442   4.0  1  1
		175  175  2137.98  10089.1687  10089.1684   4.0  1  1
		175  175  2292.19  10083.9866  10083.9863   4.0  1  1
		175  175  2341.58  10082.2994  10082.3034   4.0  1  1
		175  175  2360.01  10081.6663  10081.6685   4.0  1  1
		175  175  2988.21  10058.9622  10058.9656   4.0  1  1
		175  175  3021.09  10057.7128  10057.7181   4.0  1  1
		175  175  3200.39  10050.7931  10050.7908   4.0  1  1
		176  176   760.31  10071.7442  10071.7355   4.0  1  1
		176  176  1393.86  10054.7974  10054.7963   4.0  1  1
		176  176  1817.19   10042.113  10042.1157   4.0  1  1
		176  176  2010.71    10035.97  10035.9713   4.0  1  1
		176  176  2120.42  10032.3947  10032.3914   4.0  1  1
		176  176  2990.54  10001.6998  10001.7006   4.0  1  1
		176  176  3124.34  9996.60636   9996.6026   4.0  1  1
		176  176  3284.77  9990.37061   9990.3729   4.0  1  1
		176  176  3608.06  9977.42678   9977.4234   4.0  1  1
		176  176  3794.92  9969.78378    9969.779   4.0  1  1
		176  176  1290.96  10057.7184  10057.7181   4.0  1  1
		176  176  1623.21  10048.0565  10048.0663   4.0  1  1
		176  176  1888.80  10039.8644  10039.8706   4.0  1  1
		176  176  2652.09  10014.1364  10014.1395   4.0  1  1
		176  176  3156.03  9995.38554   9995.3872   4.0  1  1
		176  176  3350.28  9987.78583   9987.7871   4.0  1  1
		176  176  3711.70  9973.19624   9973.1955   4.0  1  1
		177  177  1260.33   10001.716  10001.7006   4.0  1  1
		177  177  1441.01  9996.60797   9996.6026   4.0  1  1
		177  177  1652.76  9990.37203   9990.3729   4.0  1  1
		177  177  1738.06  9987.78565   9987.7871   4.0  1  1
		177  177  2067.19  9977.42068   9977.4234   4.0  1  1
		177  177  2196.23  9973.19378   9973.1955   4.0  1  1
		177  177  2298.62  9969.77547    9969.779   4.0  1  1
		177  177  2734.80  9954.57468   9954.5763   4.0  1  1
		177  177  2974.04  9945.79166   9945.7901   4.0  1  1
		177  177  3661.82  9918.87262    9918.878   4.0  1  1
		177  177  2403.23  9966.22437   9966.2223   4.0  1  1
		177  177  2809.10  9951.88104   9951.8804   4.0  1  1
		177  177  3086.36   9941.5585    9941.561   4.0  1  1
		178  178   917.69   9954.5767   9954.5763   4.0  1  1
		178  178  1022.48  9951.87589   9951.8804   4.0  1  1
		178  178  1249.61  9945.79033   9945.7901   4.0  1  1
		178  178  1401.05  9941.55704    9941.561   4.0  1  1
		178  178  2143.34   9918.8728    9918.878   4.0  1  1
		178  178  2435.49  9909.11083   9909.1074   4.0  1  1
		178  178  2450.29  9908.60405   9908.6024   4.0  1  1
		178  178  2552.47  9905.07285   9905.0717   4.0  1  1
		178  178  2731.05  9898.76482   9898.7609   4.0  1  1
		178  178  3325.24  9876.51989    9876.522   4.0  1  1
		178  178  3777.95  9858.44602   9858.4441   4.0  1  1
		178  178  1790.67  9930.03924   9930.0464   4.0  1  1
		178  178  2295.98  9913.82983   9913.8299   4.0  1  1
		178  178  2666.35   9901.0704   9901.0661   4.0  1  1
		178  178  3475.48  9870.60672   9870.5958   4.0  1  1
		178  178  3819.62  9856.75425    9856.766   4.0  1  1
		179  179   494.88  9909.11629   9909.1074   4.0  1  1
		179  179   517.21  9908.60232   9908.6024   4.0  1  1
		179  179   924.98   9898.7463   9898.7609   4.0  1  1
		179  179  2345.60  9856.76588    9856.766   4.0  1  1
		179  179  2481.48  9852.16186   9852.1601   4.0  1  1
		179  179  2933.78  9836.11723  9836.11902   4.0  1  1
		179  179  3121.21  9829.14171  9829.14356   4.0  1  1
		179  179  3433.45  9817.11471   9817.1106   4.0  1  1
		179  179  3477.35  9815.38671   9815.3879   4.0  1  1
		179  179   667.35  9905.08102   9905.0717   4.0  1  1
		179  179  1725.13  9876.52364    9876.522   4.0  1  1
		179  179  1918.28  9870.59831   9870.5958   4.0  1  1
		179  179  2022.74  9867.30798   9867.3027   4.0  1  1
		179  179  2295.31  9858.44472   9858.4441   4.0  1  1
		179  179  3311.34   9821.8755   9821.8694   4.0  1  1
		179  179  3703.31  9806.37794   9806.3821   4.0  1  1
		179  179  3888.69  9798.89395  9798.88603   4.0  1  1
		180  180   374.20  9856.75601    9856.766   4.0  1  1
		180  180   576.51   9852.1513   9852.1601   4.0  1  1
		180  180  1216.37  9836.11889  9836.11902   4.0  1  1
		180  180  1467.96  9829.14227  9829.14356   4.0  1  1
		180  180  1929.56  9815.38559   9815.3879   4.0  1  1
		180  180  2212.29  9806.37958   9806.3821   4.0  1  1
		180  180  2437.91  9798.88635  9798.88603   4.0  1  1
		180  180  2632.69  9792.19916   9792.1955   4.0  1  1
		180  180  2775.09  9787.18109  9787.18601   4.0  1  1
		180  180  3772.34  9749.13221  9749.13518   4.0  1  1
		180  180  1716.91  9821.87247   9821.8694   4.0  1  1
		180  180  1873.76  9817.11186   9817.1106   4.0  1  1
		180  180  3075.17  9776.24714   9776.2468   4.0  1  1
		180  180  3465.68  9761.31385    9761.312   4.0  1  1
		180  180  3529.15  9758.81946   9758.8194   4.0  1  1
		181  181   524.84  9798.87517  9798.88603   4.0  1  1
		181  181  1008.75  9787.18205  9787.18601   4.0  1  1
		181  181  1416.90  9776.24611   9776.2468   4.0  1  1
		181  181  1559.05  9772.20491   9772.2128   4.0  1  1
		181  181  1923.69  9761.31354    9761.312   4.0  1  1
		181  181  2305.48  9749.13491  9749.13518   4.0  1  1
		181  181  3104.14  9721.15325    9721.157   4.0  1  1
		181  181  3572.02  9703.22171  9703.22299   4.0  1  1
		181  181  2003.92  9758.81888   9758.8194   4.0  1  1
		181  181  2084.46  9756.27984   9756.2665   4.0  1  1
		181  181  2609.56  9738.88245   9738.8807   4.0  1  1
		182  182   339.49  9749.14021  9749.13518   4.0  1  1
		182  182  1464.88  9721.15786    9721.157   4.0  1  1
		182  182  2066.32  9703.22356  9703.22299   4.0  1  1
		182  182  2239.63  9697.69201    9697.689   4.0  1  1
		182  182  3114.64  9667.34865  9667.34842   4.0  1  1
		182  182  3299.13  9660.43659  9660.43489   4.0  1  1
		182  182  1547.59  9718.81157   9718.8062   4.0  1  1
		182  182  2836.17  9677.44467   9677.4442   4.0  1  1
		183  183  1114.58  9677.44635   9677.4442   4.0  1  1
		183  183  1488.48  9667.34665  9667.34842   4.0  1  1
		183  183  2524.92  9635.28581  9635.28533   4.0  1  1
		183  183  2615.65  9632.20981  9632.20992   4.0  1  1
		183  183  3065.41  9616.32429   9616.3278   4.0  1  1
		183  183  2671.02   9630.3113   9630.3112   4.0  1  1
		183  183  2742.45  9627.83858   9627.8381   4.0  1  1
		184  184   688.29  9635.29114  9635.28533   4.0  1  1
		184  184   818.10  9632.21205  9632.20992   4.0  1  1
		184  184  1432.84  9616.32399   9616.3278   4.0  1  1
		184  184  1617.67   9611.1234   9611.1217   4.0  1  1
		184  184  1841.70  9604.56402   9604.5654   4.0  1  1
		184  184  2320.36  9589.64508   9589.6567   4.0  1  1
		184  184  2448.65  9585.44373   9585.4414   4.0  1  1
		184  184  2611.83  9579.97769   9579.9731   4.0  1  1
		184  184  2887.06  9570.44774   9570.4533   4.0  1  1
		184  184  3070.71  9563.86985  9563.86735   4.0  1  1
		184  184   996.27  9627.83077   9627.8381   4.0  1  1
		184  184  1160.09  9623.64173    9623.634   4.0  1  1
		184  184  2902.39  9569.90539    9569.904   4.0  1  1